       28	2026-06-19 17:11:33	1	0	1	0
       22	2026-06-19 17:15:05	1	1	1	0
       26	2026-06-19 17:18:31	1	1	1	0
       28	2026-06-19 17:19:17	1	1	1	0
       31	2026-06-19 18:01:28	1	1	1	0
       24	2026-06-19 18:02:14	1	0	1	0
       29	2026-06-19 18:02:26	1	1	1	0
       23	2026-06-19 18:02:33	1	1	1	0
       21	2026-06-20 08:10:52	1	0	1	0
       19	2026-06-20 08:12:36	1	0	1	0
       22	2026-06-20 08:12:44	1	0	1	0
       27	2026-06-20 08:13:46	1	0	1	0
       29	2026-06-20 08:16:18	1	0	1	0
       28	2026-06-20 08:17:50	1	0	1	0
       29	2026-06-20 08:21:13	1	0	1	0
       20	2026-06-20 08:22:43	1	0	1	0
       24	2026-06-20 08:39:33	1	0	1	0
       26	2026-06-20 09:04:01	1	0	1	0
       23	2026-06-20 09:15:01	1	0	1	0
       31	2026-06-20 10:07:04	1	0	1	0
       21	2026-06-20 13:28:42	1	0	1	0
       21	2026-06-20 17:05:04	1	1	1	0
       26	2026-06-20 17:05:31	1	1	1	0
       27	2026-06-20 17:05:57	1	1	1	0
       24	2026-06-20 17:06:06	1	1	1	0
       31	2026-06-20 17:07:13	1	1	1	0
       20	2026-06-20 17:10:36	1	1	1	0
       29	2026-06-20 17:11:00	1	1	1	0
       19	2026-06-20 17:11:39	1	1	1	0
       28	2026-06-20 17:12:01	1	1	1	0
       19	2026-06-20 17:15:06	1	1	1	0
       28	2026-06-22 08:08:15	1	0	1	0
       21	2026-06-22 08:08:18	1	0	1	0
       29	2026-06-22 08:10:26	1	0	1	0
       22	2026-06-22 08:11:07	1	0	1	0
       29	2026-06-22 08:14:04	1	0	1	0
       27	2026-06-22 08:15:26	1	0	1	0
       20	2026-06-22 08:21:21	1	0	1	0
       31	2026-06-22 08:33:30	1	0	1	0
       26	2026-06-22 08:45:20	1	0	1	0
       24	2026-06-22 08:52:02	1	0	1	0
       19	2026-06-22 08:58:49	1	0	1	0
       23	2026-06-22 09:21:34	1	0	1	0
       25	2026-06-22 09:36:07	1	0	1	0
       21	2026-06-22 13:37:28	1	0	1	0
       27	2026-06-22 17:13:51	1	1	1	0
       28	2026-06-22 17:15:24	1	1	1	0
       20	2026-06-22 17:15:47	1	1	1	0
       31	2026-06-22 17:16:27	1	1	1	0
       26	2026-06-22 17:28:10	1	1	1	0
       21	2026-06-22 17:28:20	1	1	1	0
       29	2026-06-22 17:55:58	1	1	1	0
       24	2026-06-22 18:01:44	1	1	1	0
       25	2026-06-22 18:09:38	1	0	1	0
       19	2026-06-22 18:10:07	1	1	1	0
       28	2026-06-23 08:07:46	1	0	1	0
       27	2026-06-23 08:07:55	1	0	1	0
       21	2026-06-23 08:07:59	1	0	1	0
       22	2026-06-23 08:11:19	1	0	1	0
       20	2026-06-23 08:20:32	1	0	1	0
       29	2026-06-23 08:32:49	1	0	1	0
       26	2026-06-23 08:47:14	1	0	1	0
       31	2026-06-23 08:51:28	1	0	1	0
       24	2026-06-23 09:02:54	1	0	1	0
       25	2026-06-23 09:14:32	1	0	1	0
       23	2026-06-23 09:14:40	1	0	1	0
       19	2026-06-23 09:14:45	1	0	1	0
       21	2026-06-23 13:09:42	1	0	1	0
       28	2026-06-23 17:11:07	1	0	1	0
       27	2026-06-23 17:11:17	1	1	1	0
       20	2026-06-23 17:11:26	1	1	1	0
       21	2026-06-23 17:36:40	1	0	1	0
       26	2026-06-23 17:46:48	1	1	1	0
       24	2026-06-23 17:58:37	1	0	1	0
       23	2026-06-23 17:59:09	1	1	1	0
       29	2026-06-23 17:59:28	1	1	1	0
       19	2026-06-23 18:00:18	1	1	1	0
       31	2026-06-23 18:00:44	1	1	1	0
       28	2026-06-24 08:04:10	1	0	1	0
       21	2026-06-24 08:04:24	1	0	1	0
       27	2026-06-24 08:05:52	1	0	1	0
       22	2026-06-24 08:07:44	1	0	1	0
       29	2026-06-24 08:22:59	1	0	1	0
       20	2026-06-24 08:23:28	1	0	1	0
       26	2026-06-24 08:35:48	1	0	1	0
       24	2026-06-24 08:42:37	1	0	1	0
       19	2026-06-24 09:17:57	1	0	1	0
       23	2026-06-24 09:24:40	1	0	1	0
       25	2026-06-24 09:24:48	1	0	1	0
       21	2026-06-24 13:15:13	1	0	1	0
       28	2026-06-24 17:11:27	1	1	1	0
       26	2026-06-24 17:12:21	1	1	1	0
       20	2026-06-24 17:18:06	1	1	1	0
       24	2026-06-24 18:03:09	1	1	1	0
       23	2026-06-24 18:03:17	1	1	1	0
       29	2026-06-24 18:04:39	1	1	1	0
       19	2026-06-24 18:04:45	1	1	1	0
       21	2026-06-25 08:01:54	1	0	1	0
       22	2026-06-25 08:05:10	1	0	1	0
       28	2026-06-25 08:14:00	1	0	1	0
       20	2026-06-25 08:16:27	1	0	1	0
       29	2026-06-25 08:23:28	1	0	1	0
       24	2026-06-25 08:35:09	1	0	1	0
       25	2026-06-25 09:15:04	1	0	1	0
       19	2026-06-25 09:17:58	1	0	1	0
       27	2026-06-25 09:30:47	1	0	1	0
       23	2026-06-25 09:36:36	1	0	1	0
       25	2026-06-25 13:00:51	1	0	1	0
       21	2026-06-25 13:15:30	1	0	1	0
       27	2026-06-25 17:05:46	1	1	1	0
       20	2026-06-25 17:09:00	1	1	1	0
       28	2026-06-25 17:17:44	1	1	1	0
       21	2026-06-25 17:29:12	1	1	1	0
       24	2026-06-25 17:57:41	1	1	1	0
       29	2026-06-25 18:00:41	1	1	1	0
       23	2026-06-25 18:00:56	1	0	1	0
       19	2026-06-25 18:01:11	1	1	1	0
       26	2026-06-26 08:05:33	1	0	1	0
       21	2026-06-26 08:06:16	1	0	1	0
       27	2026-06-26 08:07:47	1	0	1	0
       20	2026-06-26 08:11:16	1	0	1	0
       22	2026-06-26 08:12:12	1	0	1	0
       28	2026-06-26 08:24:05	1	0	1	0
       24	2026-06-26 08:38:03	1	0	1	0
       19	2026-06-26 08:43:53	1	0	1	0
       29	2026-06-26 08:47:31	1	0	1	0
       29	2026-06-26 08:52:57	1	0	1	0
       25	2026-06-26 09:28:34	1	0	1	0
       23	2026-06-26 09:28:45	1	0	1	0
       21	2026-06-26 13:26:44	1	0	1	0
       20	2026-06-26 17:11:12	1	1	1	0
       26	2026-06-26 17:15:14	1	1	1	0
       28	2026-06-26 17:29:51	1	1	1	0
       21	2026-06-26 17:36:01	1	1	1	0
       29	2026-06-26 17:54:04	1	0	1	0
       24	2026-06-26 17:55:08	1	1	1	0
       19	2026-06-26 17:55:52	1	1	1	0
       21	2026-06-27 08:05:44	1	0	1	0
       22	2026-06-27 08:07:40	1	0	1	0
       26	2026-06-27 08:19:53	1	0	1	0
       20	2026-06-27 08:22:08	1	0	1	0
       28	2026-06-27 08:47:57	1	0	1	0
       24	2026-06-27 08:49:55	1	0	1	0
       23	2026-06-27 09:10:26	1	0	1	0
       25	2026-06-27 09:11:03	1	0	1	0
       29	2026-06-27 09:21:12	1	0	1	0
       21	2026-06-27 13:10:30	1	0	1	0
       25	2026-06-27 13:35:19	1	0	1	0
       24	2026-06-27 17:02:35	1	1	1	0
       26	2026-06-27 17:13:54	1	1	1	0
       29	2026-06-27 17:19:24	1	1	1	0
       21	2026-06-27 17:19:44	1	1	1	0
       28	2026-06-27 17:25:03	1	1	1	0
       25	2026-06-27 17:46:37	1	0	1	0
       23	2026-06-27 17:47:10	1	1	1	0
       28	2026-06-29 08:06:45	1	0	1	0
       21	2026-06-29 08:07:19	1	0	1	0
       22	2026-06-29 08:11:32	1	0	1	0
       24	2026-06-29 08:15:02	1	0	1	0
       20	2026-06-29 08:21:26	1	0	1	0
       26	2026-06-29 08:25:55	1	0	1	0
       27	2026-06-29 08:28:26	1	0	1	0
       31	2026-06-29 08:36:08	1	0	1	0
       19	2026-06-29 09:21:44	1	0	1	0
       23	2026-06-29 09:24:20	1	0	1	0
       25	2026-06-29 09:24:24	1	0	1	0
       29	2026-06-29 09:49:29	1	0	1	0
       21	2026-06-29 13:21:41	1	0	1	0
       28	2026-06-29 17:10:52	1	1	1	0
       20	2026-06-29 17:13:28	1	1	1	0
       27	2026-06-29 17:15:00	1	1	1	0
       26	2026-06-29 17:23:30	1	1	1	0
       21	2026-06-29 17:32:10	1	0	1	0
       24	2026-06-29 18:06:03	1	1	1	0
       29	2026-06-29 18:06:55	1	1	1	0
       31	2026-06-29 18:07:07	1	1	1	0
       31	2026-06-29 18:10:31	1	1	1	0
       19	2026-06-29 18:11:02	1	1	1	0
       29	2026-06-30 08:08:13	1	0	1	0
       21	2026-06-30 08:08:24	1	0	1	0
       27	2026-06-30 08:10:20	1	0	1	0
       22	2026-06-30 08:12:18	1	0	1	0
       28	2026-06-30 08:14:01	1	0	1	0
       20	2026-06-30 08:22:57	1	0	1	0
       24	2026-06-30 08:39:10	1	0	1	0
       31	2026-06-30 08:40:52	1	0	1	0
       19	2026-06-30 09:11:12	1	0	1	0
       21	2026-06-30 09:13:30	1	0	1	0
       23	2026-06-30 09:21:00	1	0	1	0
       25	2026-06-30 09:21:05	1	0	1	0
       28	2026-06-30 10:53:37	1	1	1	0
       28	2026-06-30 13:00:51	1	0	1	0
       26	2026-06-30 13:01:53	1	0	1	0
       25	2026-06-30 13:33:51	1	0	1	0
       23	2026-06-30 13:33:54	1	0	1	0
       21	2026-06-30 13:34:27	1	0	1	0
       20	2026-06-30 17:09:44	1	1	1	0
       27	2026-06-30 17:20:31	1	1	1	0
       28	2026-06-30 17:28:41	1	1	1	0
       29	2026-06-30 17:38:42	1	1	1	0
       21	2026-06-30 17:42:53	1	1	1	0
       19	2026-06-30 17:43:31	1	1	1	0
       26	2026-06-30 17:45:14	1	1	1	0
       24	2026-06-30 18:29:39	1	1	1	0
       23	2026-06-30 18:29:43	1	1	1	0
       21	2026-07-01 08:06:39	1	0	1	0
       26	2026-07-01 08:06:45	1	0	1	0
       29	2026-07-01 08:08:17	1	0	1	0
       27	2026-07-01 08:08:58	1	0	1	0
       22	2026-07-01 08:10:57	1	0	1	0
       20	2026-07-01 08:22:42	1	0	1	0
       28	2026-07-01 08:23:22	1	0	1	0
       24	2026-07-01 08:40:04	1	0	1	0
       31	2026-07-01 08:40:48	1	0	1	0
       25	2026-07-01 09:15:20	1	0	1	0
       23	2026-07-01 09:15:25	1	0	1	0
       19	2026-07-01 09:33:41	1	0	1	0
       24	2026-07-01 11:57:33	1	1	1	0
       31	2026-07-01 12:00:15	1	1	1	0
       27	2026-07-01 12:04:36	1	1	1	0
       25	2026-07-01 12:13:16	1	1	1	0
       21	2026-07-01 12:13:37	1	1	1	0
       19	2026-07-01 12:14:25	1	1	1	0
       29	2026-07-01 12:17:47	1	1	1	0
       20	2026-07-01 12:17:53	1	1	1	0
       19	2026-07-01 12:22:02	1	1	1	0
       28	2026-07-01 12:30:25	1	1	1	0
       31	2026-07-01 12:52:09	1	0	1	0
       27	2026-07-01 12:58:29	1	0	1	0
       29	2026-07-01 13:04:36	1	0	1	0
       20	2026-07-01 13:05:01	1	0	1	0
       24	2026-07-01 13:06:19	1	0	1	0
       21	2026-07-01 13:13:04	1	0	1	0
       28	2026-07-01 13:23:08	1	0	1	0
       25	2026-07-01 13:48:09	1	0	1	0
       30	2026-07-01 13:48:29	1	0	1	0
       28	2026-07-02 08:00:30	1	0	1	0
       21	2026-07-02 08:00:38	1	0	1	0
       27	2026-07-02 08:06:55	1	0	1	0
       20	2026-07-02 08:07:10	1	0	1	0
       22	2026-07-02 08:09:50	1	0	1	0
       19	2026-07-02 08:14:13	1	0	1	0
       26	2026-07-02 08:43:01	1	0	1	0
       30	2026-07-02 08:46:33	1	0	1	0
       24	2026-07-02 08:54:22	1	0	1	0
       29	2026-07-02 08:59:36	1	0	1	0
       23	2026-07-02 09:18:49	1	0	1	0
       25	2026-07-02 09:19:01	1	0	1	0
       31	2026-07-02 09:39:10	1	0	1	0
       28	2026-07-02 11:21:01	1	1	1	0
       30	2026-07-02 11:51:50	1	1	1	0
       24	2026-07-02 11:51:56	1	1	1	0
       27	2026-07-02 12:01:20	1	1	1	0
       21	2026-07-02 12:11:33	1	1	1	0
       26	2026-07-02 12:16:21	1	1	1	0
       28	2026-07-02 12:16:33	1	0	1	0
       19	2026-07-02 12:19:08	1	1	1	0
       31	2026-07-02 12:28:14	1	1	1	0
       29	2026-07-02 12:39:34	1	1	1	0
       30	2026-07-02 12:39:41	1	1	1	0
       23	2026-07-02 12:42:45	1	1	1	0
       24	2026-07-02 12:43:01	1	1	1	0
       20	2026-07-02 12:51:02	1	1	1	0
       27	2026-07-02 12:55:10	1	0	1	0
       21	2026-07-02 13:08:57	1	0	1	0
       26	2026-07-02 13:10:49	1	0	1	0
       31	2026-07-02 13:32:19	1	0	1	0
       25	2026-07-02 14:09:22	1	0	1	0
       23	2026-07-02 14:10:18	1	0	1	0
       20	2026-07-02 17:08:21	1	1	1	0
       27	2026-07-02 17:08:42	1	1	1	0
       28	2026-07-02 17:09:11	1	0	1	0
       26	2026-07-02 17:20:31	1	1	1	0
       21	2026-07-02 17:22:24	1	1	1	0
       30	2026-07-02 17:37:28	1	1	1	0
       24	2026-07-02 18:01:47	1	1	1	0
       25	2026-07-02 18:03:26	1	1	1	0
       23	2026-07-02 18:04:06	1	1	1	0
       19	2026-07-02 18:04:28	1	1	1	0
       29	2026-07-02 18:04:36	1	1	1	0
       31	2026-07-02 18:04:48	1	1	1	0
       21	2026-07-03 08:05:10	1	0	1	0
       28	2026-07-03 08:07:45	1	0	1	0
       27	2026-07-03 08:09:19	1	0	1	0
       22	2026-07-03 08:12:53	1	0	1	0
       20	2026-07-03 08:26:17	1	0	1	0
       29	2026-07-03 08:51:22	1	0	1	0
       24	2026-07-03 08:57:32	1	0	1	0
       30	2026-07-03 08:57:38	1	0	1	0
       31	2026-07-03 08:58:49	1	0	1	0
       29	2026-07-03 08:59:02	1	0	1	0
       21	2026-07-03 08:59:09	1	0	1	0
       26	2026-07-03 09:03:20	1	0	1	0
       25	2026-07-03 09:21:56	1	0	1	0
       23	2026-07-03 09:22:07	1	0	1	0
       19	2026-07-03 09:28:04	1	0	1	0
       20	2026-07-03 11:05:41	1	1	1	0
       30	2026-07-03 11:46:12	1	1	1	0
       19	2026-07-03 11:58:38	1	1	1	0
       31	2026-07-03 12:18:32	1	1	1	0
       21	2026-07-03 12:28:14	1	1	1	0
       28	2026-07-03 12:29:09	1	1	1	0
       30	2026-07-03 12:48:33	1	1	1	0
       29	2026-07-03 12:49:32	1	1	1	0
       24	2026-07-03 12:58:47	1	1	1	0
       29	2026-07-03 12:59:00	1	0	1	0
       21	2026-07-03 13:20:26	1	0	1	0
       28	2026-07-03 13:28:58	1	0	1	0
       24	2026-07-03 13:30:04	1	0	1	0
       25	2026-07-03 13:35:06	1	0	1	0
       23	2026-07-03 13:35:15	1	0	1	0
       28	2026-07-03 17:17:04	1	1	1	0
       20	2026-07-03 17:19:38	1	1	1	0
       30	2026-07-03 17:26:23	1	1	1	0
       21	2026-07-03 17:27:47	1	1	1	0
       26	2026-07-03 17:38:13	1	1	1	0
       27	2026-07-03 17:39:44	1	1	1	0
       24	2026-07-03 18:07:04	1	1	1	0
       31	2026-07-03 18:08:42	1	1	1	0
       23	2026-07-03 18:16:33	1	1	1	0
       25	2026-07-03 18:16:35	1	1	1	0
       29	2026-07-03 18:16:57	1	1	1	0
       19	2026-07-03 18:17:06	1	1	1	0
       19	2026-07-04 08:06:14	1	0	1	0
       21	2026-07-04 08:06:46	1	0	1	0
       27	2026-07-04 08:13:38	1	0	1	0
       22	2026-07-04 08:15:58	1	0	1	0
       20	2026-07-04 08:24:44	1	0	1	0
       28	2026-07-04 08:31:38	1	0	1	0
       23	2026-07-04 08:41:43	1	0	1	0
       29	2026-07-04 08:52:34	1	0	1	0
       30	2026-07-04 09:00:10	1	0	1	0
       31	2026-07-04 09:03:52	1	0	1	0
       24	2026-07-04 09:20:27	1	0	1	0
       25	2026-07-04 09:27:39	1	0	1	0
       26	2026-07-04 09:44:59	1	0	1	0
       20	2026-07-04 11:20:11	1	1	1	0
       19	2026-07-04 12:14:18	1	1	1	0
       20	2026-07-04 12:15:55	1	0	1	0
       27	2026-07-04 12:18:13	1	1	1	0
       21	2026-07-04 12:18:26	1	1	1	0
       26	2026-07-04 12:19:39	1	1	1	0
       28	2026-07-04 12:30:25	1	1	1	0
       29	2026-07-04 12:31:33	1	0	1	0
       30	2026-07-04 13:06:57	1	1	1	0
       26	2026-07-04 13:07:21	1	0	1	0
       29	2026-07-04 13:08:23	1	0	1	0
       30	2026-07-04 13:09:08	1	0	1	0
       27	2026-07-04 13:12:14	1	0	1	0
       21	2026-07-04 13:15:56	1	0	1	0
       24	2026-07-04 13:22:36	1	1	1	0
       28	2026-07-04 13:27:11	1	0	1	0
       23	2026-07-04 13:33:24	1	0	1	0
       19	2026-07-04 13:39:49	1	0	1	0
       24	2026-07-04 14:16:38	1	0	1	0
       30	2026-07-04 17:05:01	1	0	1	0
       20	2026-07-04 17:05:41	1	1	1	0
       27	2026-07-04 17:05:57	1	1	1	0
       26	2026-07-04 17:06:07	1	1	1	0
       21	2026-07-04 17:06:13	1	1	1	0
       29	2026-07-04 17:08:35	1	1	1	0
       31	2026-07-04 17:13:03	1	1	1	0
       24	2026-07-04 17:17:01	1	1	1	0
       23	2026-07-04 17:17:40	1	1	1	0
       25	2026-07-04 17:17:44	1	1	1	0
       28	2026-07-04 17:18:02	1	1	1	0
       19	2026-07-04 17:18:14	1	1	1	0
       24	2026-07-06 08:07:57	1	0	1	0
       19	2026-07-06 08:08:00	1	1	1	0
       31	2026-07-06 08:08:08	1	0	1	0
       27	2026-07-06 08:08:24	1	0	1	0
       21	2026-07-06 08:08:34	1	0	1	0
       22	2026-07-06 08:12:23	1	0	1	0
       28	2026-07-06 08:15:34	1	0	1	0
       26	2026-07-06 08:18:50	1	0	1	0
       30	2026-07-06 08:50:14	1	0	1	0
       23	2026-07-06 09:25:41	1	0	1	0
       29	2026-07-06 09:33:11	1	0	1	0
       25	2026-07-06 09:36:29	1	0	1	0
       20	2026-07-06 09:38:03	1	0	1	0
       28	2026-07-06 11:31:22	1	1	1	0
       27	2026-07-06 12:00:56	1	1	1	0
       20	2026-07-06 12:07:53	1	1	1	0
       19	2026-07-06 12:22:52	1	1	1	0
       21	2026-07-06 12:24:32	1	1	1	0
       26	2026-07-06 12:27:12	1	1	1	0
       27	2026-07-06 12:49:44	1	0	1	0
       31	2026-07-06 13:02:47	1	0	1	0
       29	2026-07-06 13:02:49	1	0	1	0
       26	2026-07-06 13:03:01	1	1	1	0
       28	2026-07-06 13:06:53	1	0	1	0
       24	2026-07-06 13:07:46	1	1	1	0
       30	2026-07-06 13:15:05	1	1	1	0
       21	2026-07-06 13:15:25	1	0	1	0
       19	2026-07-06 13:30:17	1	1	1	0
       27	2026-07-06 17:06:55	1	1	1	0
       26	2026-07-06 17:19:10	1	1	1	0
       21	2026-07-06 17:21:37	1	1	1	0
       28	2026-07-06 17:31:19	1	1	1	0
       31	2026-07-06 17:36:17	1	1	1	0
       30	2026-07-06 17:41:44	1	1	1	0
       24	2026-07-06 18:13:51	1	1	1	0
       29	2026-07-06 18:15:33	1	1	1	0
       20	2026-07-06 18:20:01	1	1	1	0
       29	2026-07-06 18:20:15	1	1	1	0
       19	2026-07-06 18:20:29	1	1	1	0
       27	2026-07-07 08:08:41	1	0	1	0
       21	2026-07-07 08:08:48	1	0	1	0
       31	2026-07-07 08:08:55	1	0	1	0
       22	2026-07-07 08:09:26	1	0	1	0
       28	2026-07-07 08:10:26	1	0	1	0
       19	2026-07-07 08:12:40	1	0	1	0
       26	2026-07-07 08:13:59	1	0	1	0
       24	2026-07-07 08:15:06	1	0	1	0
       30	2026-07-07 09:02:07	1	0	1	0
       20	2026-07-07 09:25:19	1	0	1	0
       29	2026-07-07 09:43:00	1	0	1	0
       28	2026-07-07 11:31:06	1	1	1	0
       27	2026-07-07 12:01:03	1	1	1	0
       29	2026-07-07 12:01:14	1	1	1	0
       31	2026-07-07 12:01:18	1	1	1	0
       19	2026-07-07 12:04:25	1	1	1	0
       30	2026-07-07 12:05:28	1	1	1	0
       26	2026-07-07 12:10:58	1	1	1	0
       28	2026-07-07 12:26:38	1	0	1	0
       30	2026-07-07 12:39:44	1	0	1	0
       27	2026-07-07 12:55:11	1	0	1	0
       29	2026-07-07 13:02:03	1	0	1	0
       21	2026-07-07 13:08:34	1	0	1	0
       26	2026-07-07 13:11:46	1	0	1	0
       19	2026-07-07 13:15:00	1	0	1	0
       24	2026-07-07 13:17:49	1	0	1	0
       24	2026-07-07 14:00:48	1	0	1	0
       27	2026-07-07 17:03:24	1	1	1	0
       26	2026-07-07 17:16:11	1	1	1	0
       28	2026-07-07 17:18:44	1	1	1	0
       21	2026-07-07 17:26:08	1	1	1	0
       20	2026-07-07 18:06:12	1	1	1	0
       29	2026-07-07 18:07:06	1	1	1	0
       24	2026-07-07 18:07:38	1	1	1	0
       30	2026-07-07 18:07:51	1	1	1	0
       19	2026-07-07 18:07:57	1	1	1	0
       31	2026-07-07 18:09:31	1	1	1	0
       31	2026-07-08 08:03:07	1	0	1	0
       27	2026-07-08 08:03:26	1	0	1	0
       21	2026-07-08 08:03:48	1	0	1	0
       22	2026-07-08 08:05:50	1	0	1	0
       26	2026-07-08 08:05:59	1	0	1	0
       28	2026-07-08 08:19:04	1	0	1	0
       19	2026-07-08 08:19:10	1	0	1	0
       24	2026-07-08 08:30:22	1	0	1	0
       30	2026-07-08 09:08:11	1	0	1	0
       20	2026-07-08 09:14:02	1	0	1	0
       20	2026-07-08 12:05:53	1	0	1	0
       19	2026-07-08 12:06:20	1	1	1	0
       26	2026-07-08 12:07:05	1	1	1	0
       30	2026-07-08 12:10:02	1	1	1	0
       21	2026-07-08 12:11:13	1	1	1	0
       27	2026-07-08 12:11:53	1	1	1	0
       28	2026-07-08 12:14:40	1	1	1	0
       29	2026-07-08 12:36:39	1	0	1	0
       27	2026-07-08 12:57:30	1	0	1	0
       21	2026-07-08 12:57:40	1	0	1	0
       26	2026-07-08 12:57:53	1	0	1	0
       30	2026-07-08 12:58:43	1	0	1	0
       31	2026-07-08 13:04:09	1	0	1	0
       28	2026-07-08 13:12:49	1	0	1	0
       24	2026-07-08 13:20:32	1	1	1	0
       19	2026-07-08 13:22:25	1	0	1	0
       24	2026-07-08 14:56:29	1	0	1	0
       27	2026-07-08 17:08:17	1	1	1	0
       21	2026-07-08 17:26:05	1	1	1	0
       28	2026-07-08 17:28:16	1	1	1	0
       30	2026-07-08 17:35:52	1	1	1	0
       31	2026-07-08 17:36:34	1	1	1	0
       29	2026-07-08 17:46:55	1	1	1	0
       24	2026-07-08 18:02:50	1	1	1	0
       19	2026-07-08 18:03:00	1	1	1	0
       26	2026-07-08 18:03:27	1	1	1	0
       24	2026-07-08 18:04:31	1	1	1	0
       20	2026-07-08 18:04:34	1	1	1	0
       21	2026-07-09 08:07:51	1	0	1	0
       22	2026-07-09 08:08:27	1	0	1	0
       27	2026-07-09 08:11:48	1	0	1	0
       28	2026-07-09 08:19:22	1	0	1	0
       24	2026-07-09 08:23:24	1	0	1	0
       26	2026-07-09 08:29:07	1	0	1	0
       29	2026-07-09 08:35:34	1	0	1	0
       29	2026-07-09 08:42:35	1	0	1	0
       30	2026-07-09 08:42:36	1	0	1	0
       31	2026-07-09 09:14:09	1	0	1	0
       20	2026-07-09 09:17:07	1	0	1	0
       20	2026-07-09 11:05:05	1	1	1	0
       26	2026-07-09 12:01:31	1	1	1	0
       20	2026-07-09 12:24:44	1	0	1	0
       31	2026-07-09 12:27:06	1	0	1	0
       29	2026-07-09 12:29:12	1	0	1	0
       28	2026-07-09 12:29:53	1	1	1	0
       29	2026-07-09 12:30:14	1	1	1	0
       21	2026-07-09 12:30:44	1	1	1	0
       26	2026-07-09 12:55:35	1	0	1	0
       30	2026-07-09 12:58:54	1	0	1	0
       19	2026-07-09 13:08:40	1	0	1	0
       29	2026-07-09 13:15:45	1	0	1	0
       24	2026-07-09 13:18:40	1	1	1	0
       28	2026-07-09 13:18:51	1	0	1	0
       21	2026-07-09 13:23:49	1	0	1	0
       24	2026-07-09 13:58:44	1	0	1	0
       30	2026-07-09 17:05:27	1	1	1	0
       27	2026-07-09 17:15:28	1	1	1	0
       26	2026-07-09 17:19:27	1	1	1	0
       21	2026-07-09 17:31:48	1	0	1	0
       28	2026-07-09 17:32:07	1	1	1	0
       19	2026-07-09 17:35:09	1	1	1	0
       29	2026-07-09 17:38:07	1	1	1	0
       31	2026-07-09 17:55:13	1	1	1	0
       20	2026-07-09 18:00:39	1	1	1	0
       24	2026-07-09 18:01:25	1	1	1	0
       21	2026-07-10 08:08:04	1	0	1	0
       24	2026-07-10 08:11:05	1	0	1	0
       27	2026-07-10 08:16:51	1	0	1	0
       22	2026-07-10 08:18:43	1	0	1	0
       28	2026-07-10 08:26:25	1	0	1	0
       29	2026-07-10 08:28:10	1	0	1	0
       30	2026-07-10 08:28:16	1	0	1	0
       20	2026-07-10 09:22:05	1	0	1	0
       31	2026-07-10 09:50:47	1	0	1	0
       26	2026-07-10 09:52:25	1	0	1	0
       20	2026-07-10 11:08:23	1	1	1	0
       26	2026-07-10 12:06:04	1	1	1	0
       29	2026-07-10 12:12:55	1	1	1	0
       20	2026-07-10 12:22:31	1	0	1	0
       21	2026-07-10 12:25:26	1	1	1	0
       28	2026-07-10 12:36:48	1	1	1	0
       27	2026-07-10 12:59:39	1	0	1	0
       26	2026-07-10 13:00:07	1	0	1	0
       21	2026-07-10 13:05:38	1	0	1	0
       29	2026-07-10 13:05:44	1	0	1	0
       28	2026-07-10 13:28:41	1	0	1	0
       24	2026-07-10 15:00:36	1	1	1	0
       27	2026-07-10 17:01:36	1	1	1	0
       21	2026-07-10 17:07:13	1	1	1	0
       26	2026-07-10 17:13:46	1	1	1	0
       28	2026-07-10 17:51:37	1	1	1	0
       24	2026-07-10 17:55:52	1	0	1	0
       20	2026-07-10 17:59:25	1	1	1	0
       24	2026-07-10 18:21:28	1	1	1	0
       31	2026-07-10 18:25:02	1	1	1	0
       21	2026-07-11 08:06:14	1	0	1	0
       20	2026-07-11 08:16:11	1	0	1	0
       24	2026-07-11 08:18:55	1	0	1	0
       22	2026-07-11 08:21:00	1	0	1	0
       28	2026-07-11 08:34:01	1	0	1	0
       26	2026-07-11 08:35:16	1	0	1	0
       29	2026-07-11 08:35:18	1	0	1	0
       27	2026-07-11 08:54:22	1	0	1	0
       31	2026-07-11 09:38:30	1	0	1	0
       20	2026-07-11 11:36:53	1	1	1	0
       29	2026-07-11 12:08:38	1	1	1	0
       27	2026-07-11 12:09:17	1	1	1	0
       26	2026-07-11 12:17:22	1	1	1	0
       31	2026-07-11 12:21:37	1	1	1	0
       21	2026-07-11 12:22:00	1	1	1	0
       28	2026-07-11 12:47:33	1	0	1	0
       31	2026-07-11 12:47:44	1	0	1	0
       26	2026-07-11 12:47:53	1	0	1	0
       28	2026-07-11 12:51:37	1	0	1	0
       29	2026-07-11 13:00:56	1	0	1	0
       20	2026-07-11 13:07:59	1	1	1	0
       21	2026-07-11 13:19:32	1	0	1	0
       24	2026-07-11 13:29:54	1	1	1	0
       24	2026-07-11 13:58:54	1	0	1	0
       24	2026-07-11 17:00:04	1	1	1	0
       21	2026-07-11 17:01:37	1	1	1	0
       27	2026-07-11 17:01:53	1	1	1	0
       31	2026-07-11 17:02:07	1	1	1	0
       29	2026-07-11 17:02:20	1	1	1	0
       26	2026-07-11 17:02:43	1	1	1	0
       28	2026-07-11 17:03:02	1	1	1	0
       21	2026-07-13 08:04:25	1	0	1	0
       22	2026-07-13 08:13:59	1	0	1	0
       29	2026-07-13 08:16:21	1	0	1	0
       26	2026-07-13 08:20:26	1	0	1	0
       28	2026-07-13 08:23:05	1	0	1	0
       27	2026-07-13 08:33:30	1	0	1	0
       30	2026-07-13 08:45:12	1	0	1	0
       24	2026-07-13 08:54:15	1	0	1	0
       31	2026-07-13 08:57:56	1	0	1	0
       25	2026-07-13 09:24:43	1	0	1	0
       28	2026-07-13 11:34:32	1	1	1	0
       24	2026-07-13 11:53:06	1	1	1	0
       27	2026-07-13 12:18:19	1	1	1	0
       21	2026-07-13 12:26:02	1	1	1	0
       29	2026-07-13 12:35:53	1	1	1	0
       26	2026-07-13 12:36:52	1	1	1	0
       28	2026-07-13 12:47:26	1	0	1	0
       30	2026-07-13 12:53:55	1	1	1	0
       27	2026-07-13 12:58:08	1	0	1	0
       23	2026-07-13 13:07:00	1	0	1	0
       30	2026-07-13 13:07:34	1	0	1	0
       29	2026-07-13 13:07:42	1	0	1	0
       20	2026-07-13 13:19:07	1	0	1	0
       21	2026-07-13 13:22:13	1	0	1	0
       29	2026-07-13 13:22:35	1	0	1	0
       25	2026-07-13 13:23:53	1	0	1	0
       26	2026-07-13 13:26:32	1	0	1	0
       28	2026-07-13 17:16:30	1	1	1	0
       27	2026-07-13 17:16:39	1	1	1	0
       21	2026-07-13 17:17:06	1	1	1	0
       20	2026-07-13 17:19:39	1	1	1	0
       26	2026-07-13 17:23:56	1	1	1	0
       31	2026-07-13 17:53:34	1	1	1	0
       30	2026-07-13 17:53:57	1	1	1	0
       29	2026-07-13 17:59:06	1	1	1	0
       23	2026-07-13 18:22:04	1	1	1	0
       24	2026-07-13 18:23:30	1	1	1	0
       21	2026-07-14 08:09:03	1	0	1	0
       28	2026-07-14 08:09:06	1	0	1	0
       26	2026-07-14 08:09:34	1	0	1	0
       22	2026-07-14 08:12:44	1	0	1	0
       19	2026-07-14 08:35:02	1	0	1	0
       24	2026-07-14 08:37:47	1	0	1	0
       29	2026-07-14 08:38:37	1	0	1	0
       30	2026-07-14 08:45:04	1	0	1	0
       29	2026-07-14 08:45:07	1	0	1	0
       25	2026-07-14 08:50:26	1	0	1	0
       31	2026-07-14 08:53:02	1	0	1	0
       27	2026-07-14 09:12:18	1	0	1	0
       23	2026-07-14 09:12:36	1	0	1	0
       24	2026-07-14 11:16:36	1	1	1	0
       28	2026-07-14 11:22:22	1	1	1	0
       19	2026-07-14 11:37:54	1	1	1	0
       24	2026-07-14 11:53:47	1	0	1	0
       28	2026-07-14 11:56:52	1	0	1	0
       25	2026-07-14 11:58:58	1	1	1	0
       23	2026-07-14 11:59:04	1	1	1	0
       29	2026-07-14 12:05:35	1	1	1	0
       21	2026-07-14 12:21:22	1	1	1	0
       27	2026-07-14 12:25:49	1	1	1	0
       26	2026-07-14 12:32:59	1	1	1	0
       30	2026-07-14 12:35:25	1	1	1	0
       27	2026-07-14 12:55:02	1	0	1	0
       26	2026-07-14 13:01:00	1	0	1	0
       29	2026-07-14 13:01:08	1	0	1	0
       23	2026-07-14 13:13:33	1	0	1	0
       19	2026-07-14 13:30:57	1	0	1	0
       27	2026-07-14 17:24:57	1	0	1	0
       28	2026-07-14 17:27:24	1	1	1	0
       26	2026-07-14 17:27:57	1	1	1	0
       30	2026-07-14 17:58:24	1	1	1	0
       24	2026-07-14 18:02:25	1	1	1	0
       29	2026-07-14 18:02:38	1	1	1	0
       23	2026-07-14 18:02:49	1	1	1	0
       25	2026-07-14 18:02:57	1	1	1	0
       31	2026-07-14 18:03:20	1	1	1	0
       19	2026-07-14 18:03:27	1	1	1	0
       21	2026-07-15 08:02:48	1	0	1	0
       22	2026-07-15 08:09:04	1	0	1	0
       26	2026-07-15 08:11:25	1	0	1	0
       27	2026-07-15 08:18:36	1	0	1	0
       19	2026-07-15 08:26:30	1	0	1	0
       28	2026-07-15 08:29:29	1	0	1	0
       24	2026-07-15 08:32:26	1	0	1	0
       29	2026-07-15 08:32:44	1	0	1	0
       30	2026-07-15 08:33:04	1	0	1	0
       25	2026-07-15 09:17:30	1	0	1	0
       23	2026-07-15 09:17:32	1	0	1	0
       31	2026-07-15 09:17:58	1	0	1	0
       24	2026-07-15 11:23:12	1	1	1	0
       28	2026-07-15 11:26:02	1	1	1	0
       30	2026-07-15 11:45:46	1	1	1	0
       19	2026-07-15 11:52:34	1	1	1	0
       31	2026-07-15 11:54:11	1	1	1	0
       24	2026-07-15 12:04:46	1	0	1	0
       26	2026-07-15 12:04:57	1	1	1	0
       28	2026-07-15 12:08:25	1	0	1	0
       21	2026-07-15 12:12:16	1	1	1	0
       23	2026-07-15 12:21:14	1	1	1	0
       29	2026-07-15 12:58:21	1	0	1	0
       27	2026-07-15 12:58:48	1	0	1	0
       26	2026-07-15 13:00:53	1	0	1	0
       21	2026-07-15 13:02:09	1	0	1	0
       30	2026-07-15 13:07:44	1	0	1	0
       19	2026-07-15 13:13:25	1	0	1	0
       25	2026-07-15 13:17:33	1	0	1	0
       28	2026-07-15 17:13:37	1	1	1	0
       27	2026-07-15 17:13:52	1	1	1	0
       30	2026-07-15 17:15:10	1	1	1	0
       26	2026-07-15 17:17:55	1	1	1	0
       31	2026-07-15 17:26:19	1	1	1	0
       24	2026-07-15 18:03:54	1	1	1	0
       29	2026-07-15 18:03:58	1	1	1	0
       23	2026-07-15 18:04:34	1	1	1	0
       29	2026-07-15 18:04:58	1	1	1	0
       25	2026-07-15 18:06:54	1	1	1	0
       19	2026-07-15 18:14:32	1	1	1	0
       19	2026-07-16 08:08:22	1	0	1	0
       21	2026-07-16 08:09:00	1	0	1	0
       29	2026-07-16 08:09:51	1	0	1	0
       30	2026-07-16 08:13:52	1	0	1	0
       30	2026-07-16 08:15:57	1	0	1	0
       22	2026-07-16 08:18:07	1	0	1	0
       29	2026-07-16 08:18:15	1	0	1	0
       27	2026-07-16 08:23:26	1	0	1	0
       26	2026-07-16 08:24:38	1	0	1	0
       20	2026-07-16 08:26:50	1	0	1	0
       28	2026-07-16 08:35:01	1	0	1	0
       24	2026-07-16 08:45:17	1	0	1	0
       23	2026-07-16 09:19:41	1	0	1	0
       25	2026-07-16 09:19:43	1	0	1	0
       31	2026-07-16 09:42:09	1	0	1	0
       20	2026-07-16 11:01:32	1	1	1	0
       24	2026-07-16 11:28:01	1	1	1	0
       30	2026-07-16 11:48:57	1	1	1	0
       19	2026-07-16 11:52:13	1	1	1	0
       27	2026-07-16 12:02:54	1	1	1	0
       24	2026-07-16 12:03:11	1	0	1	0
       20	2026-07-16 12:16:23	1	0	1	0
       21	2026-07-16 12:21:44	1	1	1	0
       25	2026-07-16 12:25:53	1	1	1	0
       23	2026-07-16 12:25:55	1	1	1	0
       26	2026-07-16 12:27:56	1	1	1	0
       28	2026-07-16 12:28:00	1	1	1	0
       30	2026-07-16 12:49:17	1	0	1	0
       27	2026-07-16 12:55:08	1	0	1	0
       29	2026-07-16 13:03:35	1	0	1	0
       25	2026-07-16 13:11:18	1	0	1	0
       26	2026-07-16 13:14:28	1	0	1	0
       23	2026-07-16 13:15:41	1	0	1	0
       21	2026-07-16 13:15:48	1	0	1	0
       28	2026-07-16 13:27:56	1	0	1	0
       27	2026-07-16 17:08:42	1	1	1	0
       21	2026-07-16 17:13:22	1	1	1	0
       26	2026-07-16 17:14:12	1	1	1	0
       20	2026-07-16 17:21:00	1	1	1	0
       28	2026-07-16 17:21:41	1	1	1	0
       30	2026-07-16 17:28:48	1	1	1	0
       31	2026-07-16 17:32:23	1	1	1	0
       29	2026-07-16 17:50:59	1	1	1	0
       25	2026-07-16 18:07:01	1	1	1	0
       23	2026-07-16 18:07:04	1	1	1	0
       24	2026-07-16 18:07:18	1	1	1	0
       19	2026-07-16 18:07:38	1	1	1	0
       21	2026-07-17 08:09:45	1	0	1	0
       29	2026-07-17 08:14:07	1	0	1	0
       21	2026-07-17 08:14:54	1	0	1	0
       27	2026-07-17 08:16:20	1	0	1	0
       22	2026-07-17 08:16:27	1	0	1	0
       29	2026-07-17 08:17:08	1	0	1	0
       30	2026-07-17 08:19:48	1	0	1	0
       19	2026-07-17 08:20:50	1	0	1	0
       20	2026-07-17 08:29:54	1	0	1	0
       28	2026-07-17 08:32:35	1	0	1	0
       26	2026-07-17 08:33:00	1	0	1	0
       31	2026-07-17 09:11:49	1	0	1	0
       25	2026-07-17 09:23:03	1	0	1	0
       26	2026-07-17 12:12:36	1	1	1	0
       21	2026-07-17 12:12:44	1	1	1	0
       27	2026-07-17 12:12:51	1	1	1	0
       25	2026-07-17 12:17:34	1	1	1	0
       20	2026-07-17 12:33:09	1	0	1	0
       28	2026-07-17 12:33:27	1	1	1	0
       31	2026-07-17 12:33:38	1	1	1	0
       19	2026-07-17 12:40:27	1	0	1	0
       30	2026-07-17 12:46:02	1	1	1	0
       29	2026-07-17 12:47:21	1	1	1	0
       30	2026-07-17 12:48:09	1	0	1	0
       26	2026-07-17 12:52:10	1	0	1	0
       23	2026-07-17 13:01:19	1	0	1	0
       21	2026-07-17 13:01:31	1	0	1	0
       29	2026-07-17 13:02:27	1	0	1	0
       27	2026-07-17 13:15:04	1	0	1	0
       28	2026-07-17 13:25:40	1	0	1	0
       25	2026-07-17 13:36:33	1	0	1	0
       20	2026-07-17 14:22:56	1	1	1	0
       27	2026-07-17 17:04:40	1	1	1	0
       28	2026-07-17 17:23:32	1	1	1	0
       20	2026-07-17 17:25:43	1	1	1	0
       21	2026-07-17 17:26:08	1	1	1	0
       26	2026-07-17 17:30:42	1	1	1	0
       31	2026-07-17 17:31:46	1	1	1	0
       25	2026-07-17 18:06:10	1	1	1	0
       23	2026-07-17 18:06:42	1	1	1	0
       19	2026-07-17 18:07:00	1	1	1	0
       29	2026-07-17 18:07:08	1	1	1	0
       31	2026-07-18 08:11:34	1	0	1	0
       21	2026-07-18 08:11:50	1	0	1	0
       29	2026-07-18 08:14:51	1	0	1	0
       22	2026-07-18 08:18:51	1	0	1	0
       20	2026-07-18 08:30:36	1	0	1	0
       19	2026-07-18 08:48:53	1	0	1	0
       23	2026-07-18 08:57:56	1	0	1	0
       28	2026-07-18 08:58:45	1	0	1	0
       25	2026-07-18 09:21:32	1	0	1	0
       20	2026-07-18 11:32:45	1	1	1	0
       19	2026-07-18 12:20:06	1	1	1	0
       21	2026-07-18 12:20:13	1	1	1	0
       29	2026-07-18 12:21:49	1	1	1	0
       28	2026-07-18 12:39:40	1	1	1	0
       20	2026-07-18 13:03:04	1	0	1	0
       21	2026-07-18 13:13:32	1	0	1	0
       30	2026-07-18 13:20:59	1	0	1	0
       28	2026-07-18 13:21:15	1	0	1	0
       25	2026-07-18 13:22:16	1	0	1	0
       20	2026-07-18 17:09:20	1	1	1	0
       28	2026-07-18 17:09:27	1	1	1	0
       21	2026-07-18 17:09:42	1	1	1	0
       19	2026-07-18 17:09:46	1	1	1	0
       30	2026-07-18 17:10:12	1	1	1	0
       29	2026-07-18 17:13:16	1	1	1	0
       27	2026-07-20 07:53:37	1	0	1	0
       29	2026-07-20 08:03:53	1	0	1	0
       28	2026-07-20 08:06:53	1	0	1	0
       22	2026-07-20 08:07:54	1	0	1	0
       30	2026-07-20 08:33:18	1	0	1	0
       26	2026-07-20 08:39:42	1	0	1	0
       24	2026-07-20 08:41:11	1	0	1	0
       31	2026-07-20 08:49:58	1	0	1	0
       19	2026-07-20 09:10:13	1	0	1	0
       23	2026-07-20 09:12:06	1	0	1	0
       25	2026-07-20 09:12:17	1	0	1	0
       19	2026-07-20 11:52:58	1	1	1	0
       28	2026-07-20 11:53:26	1	1	1	0
       26	2026-07-20 12:00:46	1	1	1	0
       28	2026-07-20 12:24:53	1	0	1	0
       25	2026-07-20 12:29:33	1	1	1	0
       23	2026-07-20 12:29:40	1	1	1	0
       29	2026-07-20 12:49:29	1	1	1	0
       29	2026-07-20 12:50:30	1	1	1	0
       29	2026-07-20 12:51:49	1	0	1	0
       27	2026-07-20 12:59:15	1	1	1	0
       26	2026-07-20 13:02:22	1	0	1	0
       30	2026-07-20 13:08:17	1	0	1	0
       31	2026-07-20 13:36:58	1	1	1	0
       19	2026-07-20 13:37:34	1	0	1	0
       24	2026-07-20 13:40:25	1	1	1	0
       25	2026-07-20 13:46:22	1	0	1	0
       23	2026-07-20 14:06:23	1	1	1	0
       24	2026-07-20 14:11:29	1	0	1	0
       27	2026-07-20 17:15:47	1	1	1	0
       28	2026-07-20 17:22:28	1	1	1	0
       26	2026-07-20 17:28:17	1	1	1	0
       31	2026-07-20 18:01:18	1	1	1	0
       29	2026-07-20 18:01:28	1	1	1	0
       24	2026-07-20 18:04:36	1	1	1	0
       25	2026-07-20 18:09:32	1	1	1	0
       19	2026-07-20 18:09:47	1	1	1	0
       23	2026-07-20 18:10:11	1	1	1	0
       27	2026-07-21 08:07:06	1	0	1	0
       21	2026-07-21 08:08:13	1	0	1	0
       21	2026-07-21 08:10:26	1	0	1	0
       29	2026-07-21 08:10:51	1	0	1	0
       30	2026-07-21 08:11:41	1	0	1	0
       22	2026-07-21 08:13:46	1	0	1	0
       26	2026-07-21 08:25:25	1	0	1	0
       24	2026-07-21 08:30:45	1	0	1	0
       28	2026-07-21 08:34:53	1	0	1	0
       19	2026-07-21 09:05:15	1	0	1	0
       23	2026-07-21 09:17:49	1	0	1	0
       25	2026-07-21 09:17:55	1	0	1	0
       31	2026-07-21 09:22:47	1	0	1	0
       28	2026-07-21 11:20:12	1	1	1	0
       28	2026-07-21 12:02:56	1	0	1	0
       27	2026-07-21 12:13:19	1	1	1	0
       26	2026-07-21 12:13:26	1	1	1	0
       21	2026-07-21 12:23:34	1	1	1	0
       30	2026-07-21 12:24:02	1	1	1	0
       27	2026-07-21 12:54:40	1	0	1	0
       29	2026-07-21 12:57:29	1	0	1	0
       24	2026-07-21 13:17:39	1	1	1	0
       21	2026-07-21 13:20:55	1	0	1	0
       26	2026-07-21 13:22:01	1	0	1	0
       25	2026-07-21 13:26:42	1	0	1	0
       23	2026-07-21 13:26:57	1	0	1	0
       24	2026-07-21 17:08:56	1	0	1	0
       27	2026-07-21 17:17:35	1	1	1	0
       28	2026-07-21 17:24:59	1	1	1	0
       26	2026-07-21 17:30:48	1	1	1	0
       21	2026-07-21 17:41:15	1	1	1	0
       19	2026-07-21 18:17:15	1	1	1	0
       29	2026-07-21 18:26:14	1	1	1	0
       23	2026-07-21 18:26:36	1	1	1	0
       24	2026-07-21 18:29:51	1	1	1	0
       31	2026-07-21 18:30:19	1	1	1	0
       22	2026-07-22 08:09:11	1	0	1	0
       27	2026-07-22 08:09:17	1	0	1	0
       21	2026-07-22 08:09:56	1	0	1	0
       24	2026-07-22 08:26:15	1	0	1	0
       28	2026-07-22 08:38:15	1	0	1	0
       29	2026-07-22 08:38:34	1	0	1	0
       26	2026-07-22 08:39:33	1	0	1	0
       30	2026-07-22 08:47:33	1	0	1	0
       31	2026-07-22 08:47:59	1	0	1	0
       25	2026-07-22 09:08:01	1	0	1	0
       23	2026-07-22 09:19:23	1	0	1	0
       19	2026-07-22 09:24:08	1	0	1	0
       28	2026-07-22 11:24:56	1	1	1	0
       19	2026-07-22 11:57:21	1	1	1	0
       28	2026-07-22 12:04:23	1	0	1	0
       29	2026-07-22 12:08:29	1	1	1	0
       26	2026-07-22 12:11:37	1	1	1	0
       27	2026-07-22 12:12:23	1	1	1	0
       21	2026-07-22 12:26:48	1	1	1	0
       27	2026-07-22 12:52:38	1	0	1	0
       26	2026-07-22 13:01:01	1	0	1	0
       29	2026-07-22 13:04:19	1	0	1	0
       24	2026-07-22 13:11:18	1	1	1	0
       25	2026-07-22 13:17:29	1	0	1	0
       19	2026-07-22 13:21:20	1	0	1	0
       21	2026-07-22 13:28:18	1	0	1	0
       23	2026-07-22 13:49:04	1	0	1	0
       27	2026-07-22 17:21:09	1	1	1	0
       26	2026-07-22 17:28:07	1	1	1	0
       28	2026-07-22 17:31:22	1	1	1	0
       30	2026-07-22 17:46:00	1	1	1	0
       21	2026-07-22 17:57:24	1	1	1	0
       29	2026-07-22 18:08:08	1	1	1	0
       23	2026-07-22 18:08:42	1	1	1	0
       24	2026-07-22 18:09:03	1	1	1	0
       19	2026-07-22 18:09:26	1	1	1	0
       31	2026-07-22 18:09:49	1	1	1	0
       27	2026-07-23 08:10:43	1	0	1	0
       21	2026-07-23 08:10:49	1	0	1	0
       29	2026-07-23 08:11:52	1	0	1	0
       22	2026-07-23 08:15:45	1	0	1	0
       28	2026-07-23 08:19:22	1	0	1	0
       30	2026-07-23 08:20:11	1	0	1	0
       24	2026-07-23 08:26:04	1	0	1	0
       26	2026-07-23 08:46:32	1	0	1	0
       31	2026-07-23 08:47:56	1	0	1	0
       19	2026-07-23 09:15:09	1	0	1	0
       23	2026-07-23 09:17:10	1	0	1	0
       25	2026-07-23 09:17:16	1	0	1	0
       28	2026-07-23 11:22:04	1	1	1	0
       24	2026-07-23 11:39:09	1	1	1	0
       28	2026-07-23 12:01:58	1	0	1	0
       29	2026-07-23 12:07:45	1	1	1	0
       24	2026-07-23 12:16:37	1	0	1	0
       25	2026-07-23 12:18:57	1	1	1	0
       23	2026-07-23 12:19:06	1	1	1	0
       27	2026-07-23 12:21:12	1	1	1	0
       26	2026-07-23 12:21:19	1	1	1	0
       19	2026-07-23 12:23:12	1	1	1	0
       21	2026-07-23 12:23:39	1	1	1	0
       31	2026-07-23 12:23:46	1	1	1	0
       29	2026-07-23 12:34:03	1	0	1	0
       31	2026-07-23 12:39:18	1	0	1	0
       27	2026-07-23 12:58:49	1	0	1	0
       19	2026-07-23 13:16:01	1	0	1	0
       21	2026-07-23 13:31:24	1	0	1	0
       23	2026-07-23 13:43:26	1	0	1	0
       28	2026-07-23 17:21:41	1	1	1	0
       26	2026-07-23 17:26:51	1	1	1	0
       21	2026-07-23 17:34:06	1	0	1	0
       31	2026-07-23 18:07:30	1	0	1	0
       31	2026-07-23 18:08:30	1	1	1	0
       24	2026-07-23 18:09:34	1	1	1	0
       30	2026-07-23 18:11:36	1	1	1	0
       29	2026-07-23 18:11:50	1	1	1	0
       23	2026-07-23 18:14:00	1	1	1	0
       19	2026-07-23 18:14:16	1	1	1	0
       21	2026-07-24 08:10:40	1	0	1	0
       21	2026-07-24 08:12:27	1	0	1	0
       22	2026-07-24 08:14:58	1	0	1	0
       26	2026-07-24 08:21:47	1	0	1	0
       28	2026-07-24 08:25:43	1	0	1	0
       24	2026-07-24 08:26:40	1	0	1	0
       29	2026-07-24 08:34:21	1	0	1	0
       30	2026-07-24 08:39:09	1	0	1	0
       19	2026-07-24 09:12:37	1	0	1	0
       25	2026-07-24 09:14:18	1	0	1	0
       31	2026-07-24 09:23:49	1	0	1	0
       28	2026-07-24 11:10:11	1	1	1	0
       24	2026-07-24 11:54:26	1	1	1	0
       28	2026-07-24 11:57:44	1	0	1	0
       31	2026-07-24 12:15:53	1	1	1	0
       19	2026-07-24 12:22:34	1	1	1	0
       21	2026-07-24 12:22:40	1	1	1	0
       24	2026-07-24 12:28:15	1	0	1	0
       26	2026-07-24 12:37:36	1	1	1	0
       29	2026-07-24 12:42:00	1	1	1	0
       29	2026-07-24 12:49:52	1	0	1	0
       21	2026-07-24 13:21:56	1	0	1	0
       27	2026-07-24 17:22:08	1	1	1	0
       26	2026-07-24 17:44:34	1	1	1	0
       23	2026-07-24 17:46:59	1	1	1	0
       24	2026-07-24 17:47:04	1	1	1	0
       28	2026-07-24 17:47:28	1	1	1	0
       29	2026-07-24 17:47:40	1	1	1	0
       29	2026-07-24 17:49:29	1	1	1	0
       19	2026-07-24 17:49:42	1	1	1	0
       27	2026-07-25 08:10:14	1	0	1	0
       21	2026-07-25 08:10:41	1	0	1	0
       22	2026-07-25 08:17:42	1	0	1	0
       24	2026-07-25 08:28:40	1	0	1	0
       28	2026-07-25 08:42:23	1	0	1	0
       29	2026-07-25 08:46:17	1	0	1	0
       30	2026-07-25 08:50:19	1	0	1	0
       29	2026-07-25 08:51:05	1	0	1	0
       25	2026-07-25 09:05:49	1	0	1	0
       19	2026-07-25 09:21:52	1	0	1	0
       26	2026-07-25 09:31:50	1	0	1	0
       24	2026-07-25 11:17:54	1	1	1	0
       25	2026-07-25 11:40:05	1	1	1	0
       24	2026-07-25 11:47:37	1	0	1	0
       26	2026-07-25 12:00:36	1	1	1	0
       27	2026-07-25 12:04:25	1	1	1	0
       19	2026-07-25 12:06:00	1	1	1	0
       21	2026-07-25 12:11:09	1	1	1	0
       28	2026-07-25 12:16:26	1	1	1	0
       28	2026-07-25 12:29:26	1	0	1	0
       29	2026-07-25 12:37:26	1	1	1	0
       23	2026-07-25 12:40:51	1	0	1	0
       27	2026-07-25 12:52:17	1	0	1	0
       21	2026-07-25 13:02:32	1	0	1	0
       26	2026-07-25 13:05:22	1	0	1	0
       25	2026-07-25 13:48:26	1	0	1	0
       27	2026-07-25 17:07:45	1	1	1	0
       21	2026-07-25 17:11:16	1	1	1	0
       23	2026-07-25 17:12:35	1	1	1	0
       24	2026-07-25 17:12:41	1	1	1	0
       30	2026-07-25 17:12:57	1	1	1	0
       28	2026-07-25 17:13:02	1	1	1	0
       26	2026-07-25 17:13:09	1	1	1	0
       29	2026-07-25 17:14:11	1	1	1	0
       19	2026-07-25 17:14:47	1	1	1	0
       21	2026-07-27 08:05:11	1	0	1	0
       29	2026-07-27 08:05:33	1	0	1	0
       22	2026-07-27 08:08:39	1	0	1	0
       27	2026-07-27 08:08:50	1	0	1	0
       30	2026-07-27 08:11:57	1	0	1	0
       24	2026-07-27 08:16:51	1	0	1	0
       20	2026-07-27 08:24:27	1	0	1	0
       31	2026-07-27 08:52:05	1	0	1	0
       26	2026-07-27 08:54:23	1	0	1	0
       19	2026-07-27 09:10:48	1	0	1	0
       25	2026-07-27 09:14:05	1	0	1	0
       23	2026-07-27 09:14:23	1	0	1	0
       24	2026-07-27 11:44:41	1	1	1	0
       19	2026-07-27 12:03:57	1	1	1	0
       26	2026-07-27 12:09:15	1	1	1	0
       27	2026-07-27 12:10:50	1	1	1	0
       24	2026-07-27 12:16:56	1	0	1	0
       21	2026-07-27 12:28:37	1	1	1	0
       20	2026-07-27 12:50:04	1	0	1	0
       27	2026-07-27 13:01:26	1	0	1	0
       26	2026-07-27 13:13:47	1	0	1	0
       31	2026-07-27 13:15:00	1	0	1	0
       21	2026-07-27 13:26:44	1	0	1	0
       25	2026-07-27 13:36:09	1	0	1	0
       23	2026-07-27 13:36:22	1	0	1	0
       19	2026-07-27 13:42:18	1	0	1	0
       26	2026-07-27 17:14:09	1	1	1	0
       27	2026-07-27 17:14:18	1	1	1	0
       20	2026-07-27 17:18:31	1	1	1	0
       21	2026-07-27 17:21:15	1	1	1	0
       29	2026-07-27 18:05:02	1	1	1	0
       30	2026-07-27 18:06:15	1	1	1	0
       24	2026-07-27 18:06:31	1	1	1	0
       23	2026-07-27 18:06:48	1	1	1	0
       25	2026-07-27 18:07:02	1	1	1	0
       31	2026-07-27 18:07:36	1	1	1	0
       19	2026-07-27 18:07:39	1	1	1	0
       29	2026-07-28 08:09:45	1	0	1	0
       21	2026-07-28 08:11:18	1	0	1	0
       22	2026-07-28 08:12:08	1	0	1	0
       27	2026-07-28 08:12:54	1	0	1	0
       24	2026-07-28 08:19:17	1	0	1	0
       26	2026-07-28 08:21:33	1	0	1	0
       28	2026-07-28 08:22:00	1	0	1	0
       30	2026-07-28 08:27:20	1	0	1	0
       20	2026-07-28 08:35:19	1	0	1	0
       21	2026-07-28 08:54:57	1	0	1	0
       19	2026-07-28 09:22:10	1	0	1	0
       31	2026-07-28 09:22:59	1	0	1	0
       25	2026-07-28 09:27:33	1	0	1	0
       23	2026-07-28 09:27:45	1	0	1	0
       20	2026-07-28 11:05:44	1	1	1	0
       19	2026-07-28 11:59:20	1	1	1	0
       27	2026-07-28 12:19:33	1	1	1	0
       21	2026-07-28 12:20:20	1	0	1	0
       26	2026-07-28 12:31:19	1	1	1	0
       31	2026-07-28 12:31:27	1	1	1	0
       28	2026-07-28 12:31:30	1	1	1	0
       27	2026-07-28 13:02:08	1	0	1	0
       26	2026-07-28 13:04:07	1	0	1	0
       31	2026-07-28 13:04:31	1	0	1	0
       21	2026-07-28 13:10:01	1	0	1	0
       24	2026-07-28 13:12:41	1	1	1	0
       19	2026-07-28 13:20:50	1	0	1	0
       25	2026-07-28 13:40:58	1	0	1	0
       23	2026-07-28 13:50:23	1	0	1	0
       28	2026-07-28 17:13:46	1	1	1	0
       27	2026-07-28 17:15:12	1	1	1	0
       20	2026-07-28 17:20:19	1	1	1	0
       21	2026-07-28 17:24:56	1	1	1	0
       26	2026-07-28 17:39:53	1	1	1	0
       29	2026-07-28 18:02:27	1	1	1	0
       24	2026-07-28 18:12:15	1	1	1	0
       25	2026-07-28 18:12:36	1	1	1	0
       23	2026-07-28 18:12:50	1	1	1	0
       30	2026-07-28 18:12:56	1	1	1	0
       31	2026-07-28 18:13:01	1	1	1	0
       19	2026-07-28 18:13:04	1	1	1	0
       21	2026-07-29 08:11:45	1	0	1	0
       27	2026-07-29 08:11:52	1	0	1	0
       22	2026-07-29 08:14:00	1	0	1	0
       29	2026-07-29 08:26:39	1	0	1	0
       30	2026-07-29 08:31:10	1	0	1	0
       20	2026-07-29 08:32:16	1	0	1	0
       28	2026-07-29 08:49:36	1	0	1	0
       26	2026-07-29 08:50:52	1	0	1	0
       31	2026-07-29 09:00:06	1	0	1	0
       24	2026-07-29 09:16:10	1	0	1	0
       25	2026-07-29 09:18:22	1	0	1	0
       23	2026-07-29 09:18:30	1	0	1	0
       19	2026-07-29 09:21:13	1	0	1	0
       19	2026-07-29 11:56:02	1	1	1	0
       27	2026-07-29 12:01:37	1	1	1	0
       26	2026-07-29 12:03:32	1	1	1	0
       21	2026-07-29 12:16:01	1	1	1	0
       28	2026-07-29 12:37:11	1	1	1	0
       29	2026-07-29 12:50:44	1	0	1	0
       26	2026-07-29 12:53:47	1	0	1	0
       21	2026-07-29 13:13:50	1	0	1	0
       19	2026-07-29 13:19:21	1	0	1	0
       28	2026-07-29 13:23:42	1	0	1	0
       25	2026-07-29 13:39:44	1	0	1	0
       23	2026-07-29 13:39:50	1	0	1	0
       24	2026-07-29 13:53:17	1	1	1	0
       30	2026-07-29 17:09:14	1	1	1	0
       27	2026-07-29 17:09:47	1	1	1	0
       20	2026-07-29 17:13:47	1	1	1	0
       28	2026-07-29 17:13:53	1	1	1	0
       26	2026-07-29 17:16:07	1	1	1	0
       21	2026-07-29 17:20:21	1	1	1	0
       29	2026-07-29 17:37:46	1	1	1	0
       31	2026-07-29 18:04:48	1	1	1	0
       24	2026-07-29 18:07:42	1	1	1	0
       25	2026-07-29 18:12:16	1	1	1	0
       23	2026-07-29 18:12:23	1	1	1	0
       19	2026-07-29 18:12:30	1	1	1	0
       21	2026-07-30 08:05:02	1	0	1	0
       27	2026-07-30 08:06:33	1	0	1	0
       29	2026-07-30 08:18:40	1	0	1	0
       26	2026-07-30 08:20:41	1	0	1	0
       30	2026-07-30 08:23:46	1	0	1	0
       24	2026-07-30 08:23:58	1	0	1	0
       28	2026-07-30 08:32:01	1	0	1	0
       20	2026-07-30 08:39:30	1	0	1	0
       31	2026-07-30 09:06:05	1	0	1	0
       25	2026-07-30 09:19:30	1	0	1	0
       23	2026-07-30 09:19:35	1	0	1	0
       19	2026-07-30 09:21:40	1	0	1	0
       24	2026-07-30 11:21:06	1	1	1	0
       20	2026-07-30 11:23:44	1	1	1	0
       24	2026-07-30 11:55:56	1	0	1	0
       19	2026-07-30 11:58:52	1	1	1	0
       26	2026-07-30 12:07:10	1	1	1	0
       27	2026-07-30 12:07:26	1	1	1	0
       25	2026-07-30 12:17:03	1	1	1	0
       23	2026-07-30 12:17:12	1	1	1	0
       21	2026-07-30 12:18:45	1	1	1	0
       28	2026-07-30 12:39:58	1	1	1	0
       27	2026-07-30 12:54:35	1	0	1	0
       26	2026-07-30 13:04:58	1	0	1	0
       21	2026-07-30 13:10:29	1	0	1	0
       19	2026-07-30 13:15:25	1	0	1	0
       28	2026-07-30 13:31:10	1	0	1	0
       20	2026-07-30 13:38:32	1	0	1	0
       25	2026-07-30 13:40:12	1	0	1	0
       23	2026-07-30 13:40:20	1	0	1	0
       20	2026-07-30 17:12:25	1	1	1	0
       28	2026-07-30 17:21:33	1	1	1	0
       27	2026-07-30 17:22:09	1	1	1	0
       21	2026-07-30 17:22:15	1	1	1	0
       26	2026-07-30 17:23:09	1	1	1	0
       26	2026-07-30 17:28:00	1	1	1	0
       31	2026-07-30 17:45:56	1	1	1	0
       24	2026-07-30 18:00:37	1	1	1	0
       29	2026-07-30 18:02:42	1	1	1	0
       30	2026-07-30 18:03:46	1	1	1	0
       23	2026-07-30 18:13:12	1	1	1	0
       19	2026-07-30 18:14:24	1	1	1	0
       21	2026-07-31 08:06:23	1	0	1	0
       27	2026-07-31 08:06:40	1	0	1	0
       29	2026-07-31 08:16:12	1	0	1	0
       22	2026-07-31 08:18:55	1	0	1	0
       26	2026-07-31 08:19:56	1	0	1	0
       30	2026-07-31 08:26:53	1	0	1	0
       20	2026-07-31 08:31:03	1	0	1	0
       24	2026-07-31 08:33:48	1	0	1	0
       28	2026-07-31 08:37:43	1	0	1	0
       19	2026-07-31 08:39:18	1	0	1	0
       31	2026-07-31 09:14:39	1	0	1	0
       23	2026-07-31 09:31:00	1	0	1	0
       25	2026-07-31 09:31:02	1	0	1	0
       24	2026-07-31 11:17:41	1	1	1	0
       24	2026-07-31 11:53:35	1	0	1	0
       25	2026-07-31 12:00:02	1	1	1	0
       23	2026-07-31 12:00:43	1	1	1	0
       26	2026-07-31 12:00:51	1	1	1	0
       19	2026-07-31 12:05:54	1	1	1	0
       28	2026-07-31 12:09:39	1	1	1	0
       21	2026-07-31 12:10:15	1	1	1	0
       27	2026-07-31 12:16:27	1	1	1	0
       27	2026-07-31 12:57:50	1	0	1	0
       26	2026-07-31 13:02:58	1	0	1	0
       21	2026-07-31 13:08:07	1	0	1	0
       25	2026-07-31 13:16:44	1	0	1	0
       28	2026-07-31 13:20:26	1	0	1	0
       27	2026-07-31 17:12:06	1	1	1	0
       20	2026-07-31 17:20:05	1	1	1	0
       30	2026-07-31 17:23:03	1	1	1	0
       26	2026-07-31 17:26:35	1	1	1	0
       28	2026-07-31 17:28:42	1	1	1	0
       21	2026-07-31 17:30:18	1	1	1	0
       29	2026-07-31 18:05:15	1	1	1	0
       31	2026-07-31 18:07:11	1	1	1	0
       24	2026-07-31 18:11:27	1	1	1	0
       23	2026-07-31 18:27:22	1	1	1	0
       19	2026-07-31 18:28:13	1	1	1	0
       21	2026-08-01 08:11:32	1	0	1	0
       22	2026-08-01 08:14:32	1	0	1	0
       27	2026-08-01 08:15:58	1	0	1	0
       29	2026-08-01 08:20:36	1	0	1	0
       29	2026-08-01 08:23:56	1	0	1	0
       24	2026-08-01 08:33:42	1	0	1	0
       30	2026-08-01 08:34:02	1	0	1	0
       20	2026-08-01 08:37:13	1	0	1	0
       23	2026-08-01 09:05:18	1	0	1	0
       28	2026-08-01 09:10:52	1	0	1	0
       19	2026-08-01 09:14:17	1	0	1	0
       27	2026-08-01 12:05:03	1	1	1	0
       19	2026-08-01 12:19:33	1	1	1	0
       30	2026-08-01 12:19:37	1	1	1	0
       25	2026-08-01 12:21:06	1	1	1	0
       23	2026-08-01 12:21:15	1	1	1	0
       21	2026-08-01 12:27:24	1	0	1	0
       28	2026-08-01 12:34:26	1	1	1	0
       28	2026-08-01 13:07:17	1	0	1	0
       19	2026-08-01 13:20:10	1	0	1	0
       21	2026-08-01 13:20:23	1	0	1	0
       30	2026-08-01 13:21:04	1	0	1	0
       25	2026-08-01 16:48:30	1	1	1	0
       27	2026-08-01 17:11:38	1	1	1	0
       29	2026-08-01 17:11:48	1	1	1	0
       21	2026-08-01 17:12:21	1	1	1	0
       30	2026-08-01 17:12:28	1	1	1	0
       24	2026-08-01 17:12:38	1	1	1	0
       20	2026-08-01 17:12:42	1	1	1	0
       24	2026-08-01 17:16:25	1	1	1	0
       19	2026-08-01 17:16:37	1	1	1	0
       28	2026-08-01 17:16:43	1	1	1	0
       21	2026-08-03 08:01:19	1	0	1	0
       24	2026-08-03 08:01:38	1	0	1	0
       22	2026-08-03 08:10:34	1	0	1	0
       27	2026-08-03 08:15:58	1	0	1	0
       29	2026-08-03 08:16:28	1	0	1	0
       20	2026-08-03 08:16:41	1	0	1	0
       28	2026-08-03 08:24:00	1	0	1	0
       30	2026-08-03 08:24:17	1	0	1	0
       25	2026-08-03 09:02:39	1	0	1	0
       23	2026-08-03 09:03:10	1	0	1	0
       19	2026-08-03 09:14:55	1	0	1	0
       26	2026-08-03 09:19:58	1	0	1	0
       27	2026-08-03 12:06:11	1	1	1	0
       25	2026-08-03 12:18:50	1	1	1	0
       23	2026-08-03 12:18:55	1	1	1	0
       19	2026-08-03 12:27:41	1	1	1	0
       21	2026-08-03 12:32:43	1	1	1	0
       28	2026-08-03 12:36:18	1	1	1	0
       28	2026-08-03 12:52:35	1	0	1	0
       27	2026-08-03 12:57:51	1	0	1	0
       26	2026-08-03 13:00:55	1	0	1	0
       19	2026-08-03 13:19:37	1	0	1	0
       21	2026-08-03 13:29:06	1	0	1	0
       25	2026-08-03 13:38:00	1	0	1	0
       23	2026-08-03 13:38:16	1	0	1	0
       20	2026-08-03 17:11:48	1	1	1	0
       27	2026-08-03 17:19:22	1	1	1	0
       28	2026-08-03 17:21:07	1	1	1	0
       21	2026-08-03 17:34:53	1	1	1	0
       29	2026-08-03 17:59:01	1	1	1	0
       30	2026-08-03 18:00:50	1	1	1	0
       26	2026-08-03 18:03:51	1	0	1	0
       24	2026-08-03 18:05:04	1	1	1	0
       23	2026-08-03 18:10:07	1	1	1	0
       19	2026-08-03 18:13:18	1	1	1	0
       21	2026-08-04 08:08:04	1	0	1	0
       22	2026-08-04 08:10:25	1	0	1	0
       26	2026-08-04 08:11:38	1	0	1	0
       27	2026-08-04 08:11:46	1	0	1	0
       28	2026-08-04 08:15:29	1	0	1	0
       29	2026-08-04 08:23:21	1	0	1	0
       30	2026-08-04 08:33:39	1	0	1	0
       30	2026-08-04 08:36:19	1	0	1	0
       19	2026-08-04 09:13:46	1	0	1	0
       25	2026-08-04 09:18:56	1	0	1	0
       23	2026-08-04 09:19:07	1	0	1	0
       31	2026-08-04 09:38:06	1	0	1	0
       19	2026-08-04 11:58:52	1	1	1	0
       31	2026-08-04 12:00:35	1	1	1	0
       27	2026-08-04 12:01:12	1	1	1	0
       26	2026-08-04 12:16:10	1	1	1	0
       25	2026-08-04 12:19:08	1	1	1	0
       21	2026-08-04 12:21:58	1	1	1	0
       19	2026-08-04 12:22:28	1	0	1	0
       28	2026-08-04 12:34:48	1	1	1	0
       26	2026-08-04 13:18:33	1	0	1	0
       21	2026-08-04 13:25:13	1	0	1	0
       28	2026-08-04 13:30:41	1	0	1	0
       25	2026-08-04 13:37:39	1	0	1	0
       23	2026-08-04 13:37:43	1	0	1	0
       31	2026-08-04 17:00:40	1	1	1	0
       27	2026-08-04 17:05:28	1	1	1	0
       28	2026-08-04 17:14:25	1	1	1	0
       20	2026-08-04 17:16:59	1	1	1	0
       26	2026-08-04 17:20:48	1	1	1	0
       21	2026-08-04 17:47:35	1	1	1	0
       24	2026-08-04 17:52:38	1	1	1	0
       29	2026-08-04 17:52:52	1	1	1	0
       23	2026-08-04 18:28:59	1	1	1	0
       19	2026-08-04 18:30:38	1	1	1	0
       26	2026-08-05 08:04:54	1	0	1	0
       19	2026-08-05 08:05:10	1	0	1	0
       21	2026-08-05 08:05:40	1	0	1	0
       22	2026-08-05 08:07:17	1	0	1	0
       29	2026-08-05 08:13:52	1	0	1	0
       27	2026-08-05 08:19:45	1	0	1	0
       28	2026-08-05 08:20:03	1	0	1	0
       30	2026-08-05 08:22:39	1	0	1	0
       24	2026-08-05 08:28:23	1	0	1	0
       20	2026-08-05 08:33:02	1	0	1	0
       31	2026-08-05 08:44:36	1	0	1	0
       25	2026-08-05 08:50:31	1	0	1	0
       20	2026-08-05 11:01:27	1	1	1	0
       19	2026-08-05 11:50:50	1	1	1	0
       21	2026-08-05 12:12:18	1	1	1	0
       27	2026-08-05 12:13:23	1	1	1	0
       20	2026-08-05 12:24:38	1	0	1	0
       26	2026-08-05 12:26:07	1	1	1	0
       25	2026-08-05 12:34:36	1	0	1	0
       27	2026-08-05 12:44:22	1	0	1	0
       28	2026-08-05 12:53:43	1	1	1	0
       26	2026-08-05 13:09:18	1	0	1	0
       21	2026-08-05 13:16:13	1	0	1	0
       19	2026-08-05 13:16:48	1	0	1	0
       28	2026-08-05 13:37:22	1	0	1	0
       25	2026-08-05 13:40:15	1	0	1	0
       30	2026-08-05 17:11:39	1	1	1	0
       26	2026-08-05 17:14:26	1	1	1	0
       27	2026-08-05 17:14:40	1	1	1	0
       20	2026-08-05 17:15:36	1	1	1	0
       28	2026-08-05 17:16:42	1	1	1	0
       21	2026-08-05 17:50:25	1	1	1	0
       29	2026-08-05 18:00:42	1	1	1	0
       24	2026-08-05 18:02:15	1	1	1	0
       25	2026-08-05 18:02:32	1	1	1	0
       19	2026-08-05 18:02:44	1	1	1	0
       31	2026-08-05 18:02:53	1	1	1	0
       26	2026-08-06 08:10:18	1	0	1	0
       19	2026-08-06 08:10:24	1	0	1	0
       27	2026-08-06 08:10:31	1	0	1	0
       21	2026-08-06 08:10:40	1	0	1	0
       22	2026-08-06 08:11:35	1	0	1	0
       28	2026-08-06 08:24:33	1	0	1	0
       24	2026-08-06 08:28:21	1	0	1	0
       29	2026-08-06 08:32:13	1	0	1	0
       20	2026-08-06 08:36:58	1	0	1	0
       30	2026-08-06 08:39:18	1	0	1	0
       25	2026-08-06 09:09:31	1	0	1	0
       31	2026-08-06 09:13:49	1	0	1	0
       20	2026-08-06 11:10:43	1	0	1	0
       19	2026-08-06 11:51:18	1	1	1	0
       25	2026-08-06 12:03:52	1	1	1	0
       27	2026-08-06 12:05:54	1	1	1	0
       21	2026-08-06 12:06:23	1	1	1	0
       26	2026-08-06 12:13:53	1	1	1	0
       28	2026-08-06 12:27:34	1	1	1	0
       31	2026-08-06 13:03:26	1	0	1	0
       21	2026-08-06 13:08:57	1	0	1	0
       19	2026-08-06 13:11:26	1	0	1	0
       25	2026-08-06 13:13:50	1	0	1	0
       27	2026-08-06 13:16:27	1	0	1	0
       28	2026-08-06 13:28:53	1	0	1	0
       27	2026-08-06 17:13:11	1	1	1	0
       26	2026-08-06 17:13:43	1	1	1	0
       20	2026-08-06 17:28:50	1	1	1	0
       21	2026-08-06 17:31:48	1	1	1	0
       28	2026-08-06 17:31:53	1	1	1	0
       29	2026-08-06 17:56:52	1	1	1	0
       24	2026-08-06 18:11:22	1	1	1	0
       19	2026-08-06 18:11:43	1	1	1	0
       31	2026-08-06 18:11:49	1	1	1	0
       27	2026-08-07 08:11:22	1	0	1	0
       21	2026-08-07 08:11:46	1	0	1	0
       31	2026-08-07 08:11:47	1	0	1	0
       22	2026-08-07 08:17:21	1	0	1	0
       26	2026-08-07 08:21:41	1	0	1	0
       28	2026-08-07 08:23:35	1	0	1	0
       29	2026-08-07 08:30:35	1	0	1	0
       30	2026-08-07 08:35:38	1	0	1	0
       29	2026-08-07 08:35:40	1	0	1	0
       24	2026-08-07 08:42:22	1	0	1	0
       20	2026-08-07 08:42:35	1	0	1	0
       25	2026-08-07 09:12:07	1	0	1	0
       20	2026-08-07 11:11:54	1	1	1	0
       25	2026-08-07 11:59:19	1	1	1	0
       27	2026-08-07 12:01:17	1	1	1	0
       26	2026-08-07 12:04:12	1	1	1	0
       21	2026-08-07 12:11:29	1	1	1	0
       28	2026-08-07 12:13:50	1	1	1	0
       27	2026-08-07 12:54:54	1	0	1	0
       21	2026-08-07 13:08:15	1	0	1	0
       26	2026-08-07 13:10:03	1	0	1	0
       19	2026-08-07 13:10:09	1	0	1	0
       25	2026-08-07 13:10:13	1	0	1	0
       28	2026-08-07 13:13:39	1	0	1	0
       30	2026-08-07 17:11:22	1	1	1	0
       31	2026-08-07 17:14:27	1	1	1	0
       27	2026-08-07 17:15:28	1	1	1	0
       28	2026-08-07 17:20:09	1	1	1	0
       20	2026-08-07 17:21:29	1	1	1	0
       26	2026-08-07 17:24:33	1	1	1	0
       21	2026-08-07 17:35:27	1	1	1	0
       29	2026-08-07 17:57:49	1	1	1	0
       24	2026-08-07 18:02:58	1	1	1	0
       25	2026-08-07 18:03:05	1	1	1	0
       19	2026-08-07 18:03:45	1	1	1	0
       21	2026-08-08 08:32:39	1	0	1	0
       27	2026-08-08 08:32:48	1	0	1	0
       26	2026-08-08 08:33:20	1	0	1	0
       22	2026-08-08 08:38:39	1	0	1	0
       20	2026-08-08 08:43:28	1	0	1	0
       24	2026-08-08 09:01:52	1	0	1	0
       31	2026-08-08 09:10:11	1	0	1	0
       25	2026-08-08 09:13:06	1	0	1	0
       30	2026-08-08 09:55:41	1	0	1	0
       19	2026-08-08 09:59:12	1	0	1	0
       29	2026-08-08 10:44:43	1	0	1	0
       27	2026-08-08 12:07:32	1	1	1	0
       21	2026-08-08 12:16:08	1	1	1	0
       19	2026-08-08 12:16:58	1	1	1	0
       26	2026-08-08 12:20:30	1	1	1	0
       31	2026-08-08 12:20:50	1	1	1	0
       25	2026-08-08 12:22:59	1	1	1	0
       19	2026-08-08 12:30:19	1	0	1	0
       28	2026-08-08 12:30:48	1	1	1	0
       31	2026-08-08 13:07:12	1	0	1	0
       27	2026-08-08 13:07:28	1	0	1	0
       26	2026-08-08 13:16:25	1	0	1	0
       21	2026-08-08 13:21:50	1	0	1	0
       28	2026-08-08 13:27:47	1	0	1	0
       21	2026-08-08 17:03:30	1	1	1	0
       27	2026-08-08 17:03:37	1	1	1	0
       30	2026-08-08 17:03:41	1	1	1	0
       24	2026-08-08 17:03:57	1	1	1	0
       20	2026-08-08 17:04:36	1	1	1	0
       29	2026-08-08 17:05:24	1	1	1	0
       28	2026-08-08 17:07:16	1	1	1	0
       26	2026-08-08 17:09:57	1	1	1	0
       19	2026-08-08 17:31:29	1	1	1	0
       31	2026-08-08 17:31:42	1	1	1	0
       21	2026-08-10 08:10:40	1	0	1	0
       27	2026-08-10 08:12:17	1	0	1	0
       27	2026-08-10 08:13:53	1	0	1	0
       22	2026-08-10 08:15:41	1	0	1	0
       29	2026-08-10 08:21:07	1	0	1	0
       20	2026-08-10 08:27:49	1	0	1	0
       28	2026-08-10 08:28:31	1	0	1	0
       30	2026-08-10 08:30:23	1	0	1	0
       25	2026-08-10 08:43:19	1	0	1	0
       26	2026-08-10 09:26:30	1	0	1	0
       21	2026-08-10 12:19:49	1	1	1	0
       26	2026-08-10 12:24:52	1	1	1	0
       28	2026-08-10 12:32:12	1	1	1	0
       26	2026-08-10 13:08:04	1	0	1	0
       27	2026-08-10 13:09:42	1	0	1	0
       21	2026-08-10 13:27:08	1	0	1	0
       28	2026-08-10 13:28:57	1	0	1	0
       25	2026-08-10 13:43:53	1	0	1	0
       27	2026-08-10 17:05:23	1	1	1	0
       21	2026-08-10 17:07:01	1	1	1	0
       26	2026-08-10 17:09:23	1	1	1	0
       20	2026-08-10 17:27:34	1	1	1	0
       30	2026-08-10 17:30:31	1	1	1	0
       28	2026-08-10 17:30:51	1	1	1	0
       29	2026-08-10 17:35:58	1	1	1	0
       25	2026-08-10 17:56:05	1	1	1	0
       21	2026-08-11 08:07:22	1	0	1	0
       27	2026-08-11 08:14:47	1	0	1	0
       22	2026-08-11 08:19:00	1	0	1	0
       26	2026-08-11 08:19:28	1	0	1	0
       24	2026-08-11 08:30:39	1	0	1	0
       29	2026-08-11 08:34:33	1	0	1	0
       28	2026-08-11 08:38:57	1	0	1	0
       30	2026-08-11 08:48:33	1	0	1	0
       25	2026-08-11 09:16:35	1	0	1	0
       31	2026-08-11 09:22:30	1	0	1	0
       28	2026-08-11 11:11:48	1	1	1	0
       27	2026-08-11 11:59:31	1	1	1	0
       26	2026-08-11 12:10:22	1	1	1	0
       21	2026-08-11 12:22:06	1	1	1	0
       28	2026-08-11 12:33:08	1	0	1	0
       25	2026-08-11 12:35:30	1	1	1	0
       19	2026-08-11 12:56:42	1	0	1	0
       26	2026-08-11 13:22:10	1	0	1	0
       21	2026-08-11 13:22:21	1	0	1	0
       25	2026-08-11 13:39:42	1	0	1	0
       27	2026-08-11 17:06:59	1	1	1	0
       27	2026-08-11 17:08:55	1	1	1	0
       26	2026-08-11 17:15:29	1	1	1	0
       31	2026-08-11 17:16:30	1	1	1	0
       28	2026-08-11 17:22:23	1	1	1	0
       30	2026-08-11 17:39:20	1	1	1	0
       21	2026-08-11 17:44:14	1	1	1	0
       24	2026-08-11 18:00:13	1	0	1	0
       29	2026-08-11 18:06:10	1	1	1	0
       19	2026-08-11 18:28:38	1	1	1	0
       27	2026-08-12 08:10:33	1	0	1	0
       21	2026-08-12 08:10:39	1	0	1	0
       22	2026-08-12 08:13:06	1	0	1	0
       26	2026-08-12 08:13:44	1	0	1	0
       29	2026-08-12 08:16:59	1	0	1	0
       29	2026-08-12 08:18:27	1	0	1	0
       20	2026-08-12 08:24:24	1	0	1	0
       30	2026-08-12 08:24:30	1	0	1	0
       24	2026-08-12 08:46:46	1	0	1	0
       28	2026-08-12 08:53:39	1	0	1	0
       25	2026-08-12 09:24:14	1	0	1	0
       23	2026-08-12 09:24:17	1	0	1	0
       19	2026-08-12 09:27:30	1	0	1	0
       31	2026-08-12 09:27:34	1	0	1	0
       20	2026-08-12 11:10:48	1	1	1	0
       19	2026-08-12 12:01:11	1	1	1	0
       27	2026-08-12 12:04:18	1	1	1	0
       21	2026-08-12 12:15:44	1	1	1	0
       26	2026-08-12 12:25:17	1	1	1	0
       20	2026-08-12 12:31:05	1	0	1	0
       28	2026-08-12 12:37:55	1	1	1	0
       21	2026-08-12 13:02:19	1	0	1	0
       28	2026-08-12 13:02:25	1	0	1	0
       27	2026-08-12 13:03:55	1	0	1	0
       26	2026-08-12 13:06:22	1	0	1	0
       19	2026-08-12 13:06:51	1	0	1	0
       25	2026-08-12 13:49:00	1	0	1	0
       23	2026-08-12 13:49:12	1	0	1	0
       28	2026-08-12 13:54:36	1	1	1	0
       27	2026-08-12 17:11:25	1	1	1	0
       20	2026-08-12 17:15:04	1	1	1	0
       27	2026-08-12 17:15:27	1	1	1	0
       30	2026-08-12 17:27:47	1	1	1	0
       26	2026-08-12 17:28:38	1	1	1	0
       21	2026-08-12 17:36:39	1	1	1	0
       24	2026-08-12 17:53:37	1	1	1	0
       19	2026-08-12 18:01:50	1	1	1	0
       29	2026-08-12 18:04:07	1	1	1	0
       31	2026-08-12 18:11:25	1	1	1	0
       25	2026-08-12 18:11:30	1	1	1	0
       23	2026-08-12 18:11:39	1	1	1	0
       26	2026-08-13 08:11:07	1	0	1	0
       22	2026-08-13 08:11:30	1	0	1	0
       21	2026-08-13 08:11:39	1	0	1	0
       27	2026-08-13 08:11:46	1	0	1	0
       29	2026-08-13 08:11:50	1	0	1	0
       19	2026-08-13 08:16:33	1	0	1	0
       20	2026-08-13 08:22:30	1	0	1	0
       30	2026-08-13 08:25:37	1	0	1	0
       24	2026-08-13 08:27:32	1	0	1	0
       28	2026-08-13 08:30:34	1	0	1	0
       25	2026-08-13 09:18:30	1	0	1	0
       23	2026-08-13 09:18:43	1	0	1	0
       31	2026-08-13 09:23:06	1	0	1	0
       27	2026-08-13 12:02:57	1	1	1	0
       19	2026-08-13 12:06:01	1	1	1	0
       26	2026-08-13 12:11:09	1	1	1	0
       21	2026-08-13 12:12:55	1	1	1	0
       28	2026-08-13 12:27:15	1	1	1	0
       27	2026-08-13 12:46:01	1	0	1	0
       19	2026-08-13 13:08:38	1	0	1	0
       26	2026-08-13 13:15:01	1	0	1	0
       21	2026-08-13 13:17:16	1	0	1	0
       28	2026-08-13 13:21:14	1	0	1	0
       25	2026-08-13 13:43:17	1	0	1	0
       23	2026-08-13 13:43:31	1	0	1	0
       27	2026-08-13 17:16:35	1	1	1	0
       28	2026-08-13 17:17:05	1	1	1	0
       26	2026-08-13 17:17:30	1	1	1	0
       21	2026-08-13 17:31:42	1	1	1	0
       24	2026-08-13 17:53:08	1	1	1	0
       20	2026-08-13 18:01:32	1	1	1	0
       30	2026-08-13 18:06:31	1	1	1	0
       29	2026-08-13 18:11:57	1	1	1	0
       23	2026-08-13 18:18:44	1	1	1	0
       31	2026-08-13 18:19:04	1	1	1	0
       19	2026-08-13 18:19:21	1	1	1	0
       21	2026-08-14 08:11:03	1	0	1	0
       22	2026-08-14 08:17:35	1	0	1	0
       19	2026-08-14 08:20:50	1	0	1	0
       29	2026-08-14 08:21:54	1	0	1	0
       20	2026-08-14 08:25:30	1	0	1	0
       28	2026-08-14 08:26:45	1	0	1	0
       30	2026-08-14 08:35:31	1	0	1	0
       26	2026-08-14 08:49:30	1	0	1	0
       24	2026-08-14 08:58:17	1	0	1	0
       25	2026-08-14 09:09:17	1	0	1	0
       23	2026-08-14 09:09:28	1	0	1	0
       31	2026-08-14 09:48:56	1	0	1	0
       31	2026-08-14 11:47:41	1	0	1	0
       28	2026-08-14 11:53:25	1	1	1	0
       26	2026-08-14 12:31:15	1	1	1	0
       28	2026-08-14 12:52:34	1	0	1	0
       26	2026-08-14 13:02:59	1	0	1	0
       21	2026-08-14 13:04:24	1	0	1	0
       19	2026-08-14 13:23:34	1	0	1	0
       25	2026-08-14 14:07:16	1	0	1	0
       26	2026-08-14 17:27:36	1	1	1	0
       21	2026-08-14 17:29:50	1	1	1	0
       24	2026-08-14 18:08:20	1	1	1	0
       29	2026-08-14 18:08:36	1	1	1	0
       19	2026-08-14 18:08:53	1	1	1	0
       20	2026-08-14 18:09:02	1	1	1	0
       28	2026-08-14 18:11:32	1	1	1	0
       31	2026-08-14 18:11:56	1	1	1	0
       21	2026-08-15 08:09:18	1	0	1	0
       27	2026-08-15 08:15:37	1	0	1	0
       22	2026-08-15 08:21:24	1	0	1	0
       31	2026-08-15 08:31:18	1	0	1	0
       19	2026-08-15 08:32:55	1	0	1	0
       29	2026-08-15 08:34:36	1	0	1	0
       20	2026-08-15 08:35:38	1	0	1	0
       21	2026-08-15 08:47:27	1	0	1	0
       23	2026-08-15 08:55:25	1	0	1	0
       30	2026-08-15 09:00:18	1	0	1	0
       28	2026-08-15 09:10:12	1	0	1	0
       24	2026-08-15 09:11:35	1	0	1	0
       20	2026-08-15 11:01:12	1	1	1	0
       27	2026-08-15 12:00:33	1	1	1	0
       26	2026-08-15 12:08:11	1	0	1	0
       21	2026-08-15 12:09:43	1	1	1	0
       19	2026-08-15 12:10:06	1	1	1	0
       20	2026-08-15 12:23:59	1	0	1	0
       28	2026-08-15 12:29:30	1	1	1	0
       21	2026-08-15 13:09:54	1	0	1	0
       27	2026-08-15 13:14:37	1	0	1	0
       28	2026-08-15 13:16:00	1	0	1	0
       19	2026-08-15 13:34:07	1	0	1	0
       25	2026-08-15 14:08:15	1	0	1	0
       23	2026-08-15 14:08:24	1	0	1	0
       24	2026-08-15 16:57:07	1	1	1	0
       21	2026-08-15 16:59:10	1	1	1	0
       31	2026-08-15 17:00:18	1	1	1	0
       27	2026-08-15 17:00:37	1	1	1	0
       26	2026-08-15 17:00:54	1	1	1	0
       20	2026-08-15 17:03:34	1	1	1	0
       30	2026-08-15 17:06:04	1	1	1	0
       29	2026-08-15 17:07:46	1	1	1	0
       28	2026-08-15 17:08:09	1	1	1	0
       23	2026-08-15 17:13:49	1	1	1	0
       19	2026-08-15 17:13:56	1	1	1	0
       22	2026-08-17 08:10:05	1	0	1	0
       21	2026-08-17 08:10:12	1	0	1	0
       31	2026-08-17 08:10:28	1	0	1	0
       29	2026-08-17 08:13:16	1	0	1	0
       27	2026-08-17 08:19:00	1	0	1	0
       20	2026-08-17 08:20:05	1	0	1	0
       30	2026-08-17 08:36:15	1	0	1	0
       28	2026-08-17 08:36:40	1	0	1	0
       19	2026-08-17 08:51:33	1	0	1	0
       24	2026-08-17 09:10:55	1	0	1	0
       25	2026-08-17 09:23:19	1	0	1	0
       23	2026-08-17 09:23:25	1	0	1	0
       26	2026-08-17 09:31:07	1	0	1	0
       20	2026-08-17 11:16:54	1	1	1	0
       19	2026-08-17 11:57:07	1	1	1	0
       26	2026-08-17 12:03:06	1	1	1	0
       21	2026-08-17 12:05:48	1	1	1	0
       27	2026-08-17 12:13:03	1	1	1	0
       28	2026-08-17 12:24:10	1	1	1	0
       25	2026-08-17 12:25:27	1	1	1	0
       23	2026-08-17 12:25:40	1	1	1	0
       20	2026-08-17 12:48:57	1	0	1	0
       26	2026-08-17 13:02:48	1	0	1	0
       21	2026-08-17 13:07:17	1	0	1	0
       27	2026-08-17 13:08:49	1	0	1	0
       19	2026-08-17 13:20:10	1	0	1	0
       28	2026-08-17 13:23:27	1	0	1	0
       23	2026-08-17 13:54:27	1	0	1	0
       20	2026-08-17 17:06:37	1	1	1	0
       30	2026-08-17 17:09:14	1	1	1	0
       27	2026-08-17 17:10:34	1	1	1	0
       28	2026-08-17 17:20:49	1	1	1	0
       26	2026-08-17 17:25:24	1	1	1	0
       29	2026-08-17 17:28:05	1	1	1	0
       21	2026-08-17 17:38:10	1	1	1	0
       31	2026-08-17 17:42:32	1	1	1	0
       25	2026-08-17 17:59:11	1	1	1	0
       23	2026-08-17 17:59:28	1	1	1	0
       24	2026-08-17 18:00:42	1	1	1	0
       19	2026-08-17 18:01:27	1	1	1	0
       21	2026-08-18 08:14:44	1	0	1	0
       22	2026-08-18 08:16:05	1	0	1	0
       27	2026-08-18 08:19:10	1	0	1	0
       29	2026-08-18 08:21:46	1	0	1	0
       29	2026-08-18 08:24:03	1	0	1	0
       20	2026-08-18 08:27:02	1	0	1	0
       30	2026-08-18 08:36:45	1	0	1	0
       26	2026-08-18 08:37:13	1	0	1	0
       28	2026-08-18 08:44:23	1	0	1	0
       19	2026-08-18 09:12:37	1	0	1	0
       24	2026-08-18 09:14:33	1	0	1	0
       31	2026-08-18 09:20:46	1	0	1	0
       25	2026-08-18 09:22:17	1	0	1	0
       23	2026-08-18 09:22:26	1	0	1	0
       20	2026-08-18 11:15:11	1	1	1	0
       21	2026-08-18 12:10:17	1	1	1	0
       19	2026-08-18 12:11:45	1	1	1	0
       27	2026-08-18 12:12:48	1	1	1	0
       28	2026-08-18 12:16:32	1	1	1	0
       28	2026-08-18 13:12:51	1	0	1	0
       21	2026-08-18 13:13:35	1	0	1	0
       19	2026-08-18 13:21:44	1	0	1	0
       25	2026-08-18 13:47:41	1	0	1	0
       27	2026-08-18 17:07:34	1	1	1	0
       20	2026-08-18 17:07:39	1	1	1	0
       21	2026-08-18 17:13:43	1	1	1	0
       26	2026-08-18 17:17:26	1	1	1	0
       28	2026-08-18 17:18:14	1	1	1	0
       29	2026-08-18 17:44:41	1	1	1	0
       30	2026-08-18 17:51:17	1	1	1	0
       31	2026-08-18 18:08:00	1	1	1	0
       23	2026-08-18 18:14:08	1	1	1	0
       24	2026-08-18 18:14:42	1	1	1	0
       19	2026-08-18 18:14:47	1	1	1	0
       26	2026-08-19 08:04:58	1	0	1	0
       21	2026-08-19 08:06:17	1	0	1	0
       27	2026-08-19 08:07:34	1	0	1	0
       31	2026-08-19 08:11:30	1	0	1	0
       22	2026-08-19 08:18:17	1	0	1	0
       28	2026-08-19 08:23:06	1	0	1	0
       29	2026-08-19 08:30:21	1	0	1	0
       30	2026-08-19 08:41:12	1	0	1	0
       20	2026-08-19 08:44:57	1	0	1	0
       24	2026-08-19 08:49:58	1	0	1	0
       25	2026-08-19 09:13:05	1	0	1	0
       23	2026-08-19 09:29:28	1	0	1	0
       19	2026-08-19 09:42:38	1	0	1	0
       20	2026-08-19 11:02:37	1	1	1	0
       27	2026-08-19 12:05:13	1	0	1	0
       25	2026-08-19 12:15:55	1	1	1	0
       21	2026-08-19 12:21:45	1	1	1	0
       26	2026-08-19 12:24:42	1	1	1	0
       20	2026-08-19 12:26:35	1	0	1	0
       28	2026-08-19 12:29:47	1	1	1	0
       19	2026-08-19 12:34:51	1	1	1	0
       26	2026-08-19 12:48:30	1	0	1	0
       25	2026-08-19 12:49:43	1	0	1	0
       23	2026-08-19 12:53:33	1	1	1	0
       27	2026-08-19 12:58:42	1	0	1	0
       31	2026-08-19 13:00:35	1	0	1	0
       19	2026-08-19 13:04:46	1	0	1	0
       28	2026-08-19 13:22:46	1	0	1	0
       21	2026-08-19 13:34:58	1	0	1	0
       27	2026-08-19 17:16:11	1	1	1	0
       28	2026-08-19 17:17:33	1	1	1	0
       26	2026-08-19 17:20:25	1	1	1	0
       21	2026-08-19 17:20:32	1	1	1	0
       31	2026-08-19 17:26:52	1	1	1	0
       24	2026-08-19 18:02:51	1	1	1	0
       29	2026-08-19 18:07:11	1	1	1	0
       23	2026-08-19 18:08:29	1	1	1	0
       19	2026-08-19 18:08:52	1	1	1	0
       26	2026-08-20 08:10:32	1	0	1	0
       21	2026-08-20 08:10:43	1	0	1	0
       22	2026-08-20 08:13:50	1	0	1	0
       27	2026-08-20 08:16:25	1	0	1	0
       31	2026-08-20 08:17:48	1	0	1	0
       20	2026-08-20 08:26:01	1	0	1	0
       29	2026-08-20 08:26:15	1	0	1	0
       19	2026-08-20 08:32:56	1	0	1	0
       24	2026-08-20 08:41:06	1	0	1	0
       28	2026-08-20 08:49:47	1	0	1	0
       23	2026-08-20 09:22:45	1	0	1	0
       25	2026-08-20 09:23:17	1	0	1	0
       30	2026-08-20 09:32:26	1	0	1	0
       20	2026-08-20 11:02:32	1	1	1	0
       31	2026-08-20 12:05:03	1	1	1	0
       27	2026-08-20 12:05:19	1	1	1	0
       26	2026-08-20 12:12:14	1	1	1	0
       19	2026-08-20 12:23:21	1	1	1	0
       21	2026-08-20 12:23:27	1	1	1	0
       28	2026-08-20 12:24:52	1	1	1	0
       20	2026-08-20 12:26:35	1	0	1	0
       27	2026-08-20 12:30:51	1	0	1	0
       19	2026-08-20 12:35:42	1	0	1	0
       31	2026-08-20 12:44:53	1	0	1	0
       26	2026-08-20 12:58:12	1	0	1	0
       21	2026-08-20 13:29:59	1	0	1	0
       28	2026-08-20 13:38:16	1	0	1	0
       23	2026-08-20 13:48:18	1	0	1	0
       25	2026-08-20 14:10:55	1	0	1	0
       27	2026-08-20 17:12:26	1	1	1	0
       21	2026-08-20 17:25:30	1	1	1	0
       26	2026-08-20 17:28:51	1	1	1	0
       20	2026-08-20 17:34:24	1	1	1	0
       28	2026-08-20 17:35:08	1	1	1	0
       24	2026-08-20 18:10:26	1	1	1	0
       23	2026-08-20 18:13:16	1	1	1	0
       29	2026-08-20 18:16:19	1	1	1	0
       30	2026-08-20 18:16:58	1	1	1	0
       19	2026-08-20 18:18:05	1	1	1	0
       31	2026-08-20 18:18:10	1	1	1	0
       26	2026-08-21 08:12:34	1	0	1	0
       21	2026-08-21 08:12:40	1	0	1	0
       29	2026-08-21 08:14:21	1	0	1	0
       22	2026-08-21 08:15:56	1	0	1	0
       27	2026-08-21 08:16:28	1	0	1	0
       30	2026-08-21 08:19:43	1	0	1	0
       19	2026-08-21 08:24:11	1	0	1	0
       20	2026-08-21 08:25:42	1	0	1	0
       28	2026-08-21 09:02:29	1	0	1	0
       24	2026-08-21 09:04:16	1	0	1	0
       31	2026-08-21 09:14:22	1	0	1	0
       23	2026-08-21 09:18:23	1	0	1	0
       20	2026-08-21 11:01:59	1	1	1	0
       19	2026-08-21 11:58:36	1	1	1	0
       27	2026-08-21 12:02:08	1	1	1	0
       25	2026-08-21 12:12:09	1	0	1	0
       28	2026-08-21 12:19:55	1	1	1	0
       26	2026-08-21 12:26:04	1	1	1	0
       27	2026-08-21 12:54:36	1	0	1	0
       28	2026-08-21 13:00:55	1	0	1	0
       20	2026-08-21 13:04:07	1	0	1	0
       26	2026-08-21 13:14:04	1	0	1	0
       21	2026-08-21 13:43:32	1	0	1	0
       23	2026-08-21 13:54:57	1	0	1	0
       27	2026-08-21 17:11:57	1	1	1	0
       21	2026-08-21 17:14:55	1	1	1	0
       26	2026-08-21 17:18:00	1	1	1	0
       28	2026-08-21 17:28:13	1	1	1	0
       20	2026-08-21 17:31:30	1	1	1	0
       30	2026-08-21 17:37:44	1	1	1	0
       24	2026-08-21 18:01:39	1	1	1	0
       23	2026-08-21 18:02:54	1	1	1	0
       25	2026-08-21 18:03:20	1	1	1	0
       29	2026-08-21 18:03:33	1	1	1	0
       19	2026-08-21 18:03:43	1	1	1	0
       31	2026-08-21 18:04:43	1	1	1	0
       26	2026-08-22 08:02:55	1	0	1	0
       19	2026-08-22 08:03:01	1	0	1	0
       27	2026-08-22 08:07:15	1	0	1	0
       22	2026-08-22 08:13:33	1	0	1	0
       24	2026-08-22 08:15:51	1	0	1	0
       20	2026-08-22 08:29:38	1	0	1	0
       25	2026-08-22 08:49:38	1	0	1	0
       31	2026-08-22 09:04:31	1	0	1	0
       28	2026-08-22 09:15:02	1	0	1	0
       23	2026-08-22 09:27:31	1	0	1	0
       20	2026-08-22 11:03:00	1	1	1	0
       19	2026-08-22 12:00:18	1	1	1	0
       26	2026-08-22 12:04:05	1	1	1	0
       31	2026-08-22 12:04:22	1	1	1	0
       28	2026-08-22 12:43:28	1	1	1	0
       26	2026-08-22 13:01:37	1	0	1	0
       19	2026-08-22 13:06:42	1	0	1	0
       30	2026-08-22 13:12:00	1	0	1	0
       27	2026-08-22 13:15:18	1	0	1	0
       28	2026-08-22 13:22:47	1	0	1	0
       20	2026-08-22 13:23:42	1	0	1	0
       23	2026-08-22 13:44:13	1	0	1	0
       27	2026-08-22 16:39:14	1	1	1	0
       26	2026-08-22 17:06:03	1	1	1	0
       23	2026-08-22 17:12:08	1	1	1	0
       30	2026-08-22 17:12:18	1	1	1	0
       20	2026-08-22 17:12:27	1	1	1	0
       28	2026-08-22 17:12:29	1	1	1	0
       19	2026-08-22 17:12:36	1	1	1	0
       24	2026-08-22 17:12:38	1	1	1	0
       31	2026-08-22 17:13:14	1	1	1	0
       31	2026-08-25 08:07:23	1	0	1	0
       21	2026-08-25 08:07:31	1	0	1	0
       22	2026-08-25 08:10:21	1	0	1	0
       26	2026-08-25 08:10:37	1	0	1	0
       27	2026-08-25 08:16:17	1	0	1	0
       29	2026-08-25 08:17:22	1	0	1	0
       20	2026-08-25 08:21:02	1	0	1	0
       28	2026-08-25 08:22:57	1	0	1	0
       19	2026-08-25 08:42:46	1	0	1	0
       25	2026-08-25 09:03:29	1	0	1	0
       23	2026-08-25 09:03:41	1	0	1	0
       30	2026-08-25 09:19:14	1	0	1	0
       20	2026-08-25 11:07:33	1	1	1	0
       19	2026-08-25 11:57:38	1	1	1	0
       26	2026-08-25 12:06:43	1	1	1	0
       27	2026-08-25 12:09:33	1	1	1	0
       31	2026-08-25 12:18:01	1	1	1	0
       25	2026-08-25 12:30:10	1	1	1	0
       23	2026-08-25 12:30:32	1	1	1	0
       20	2026-08-25 12:30:37	1	0	1	0
       28	2026-08-25 12:35:26	1	1	1	0
       21	2026-08-25 12:36:33	1	1	1	0
       26	2026-08-25 13:01:44	1	0	1	0
       31	2026-08-25 13:05:38	1	0	1	0
       19	2026-08-25 13:17:05	1	0	1	0
       28	2026-08-25 13:30:06	1	0	1	0
       21	2026-08-25 13:44:33	1	0	1	0
       25	2026-08-25 13:58:09	1	0	1	0
       23	2026-08-25 13:58:59	1	0	1	0
       26	2026-08-25 17:09:35	1	1	1	0
       27	2026-08-25 17:23:02	1	1	1	0
       30	2026-08-25 17:24:35	1	1	1	0
       20	2026-08-25 17:24:40	1	1	1	0
       28	2026-08-25 17:25:56	1	1	1	0
       31	2026-08-25 17:28:50	1	1	1	0
       21	2026-08-25 17:29:04	1	1	1	0
       23	2026-08-25 17:56:58	1	1	1	0
       29	2026-08-25 17:59:59	1	1	1	0
       19	2026-08-25 18:00:23	1	1	1	0
       26	2026-08-26 08:10:39	1	0	1	0
       27	2026-08-26 08:11:13	1	0	1	0
       21	2026-08-26 08:12:55	1	0	1	0
       22	2026-08-26 08:14:15	1	0	1	0
       31	2026-08-26 08:15:22	1	0	1	0
       29	2026-08-26 08:19:14	1	0	1	0
       21	2026-08-26 08:19:24	1	0	1	0
       29	2026-08-26 08:20:43	1	0	1	0
       20	2026-08-26 08:23:16	1	0	1	0
       28	2026-08-26 08:31:41	1	0	1	0
       30	2026-08-26 08:31:55	1	0	1	0
       19	2026-08-26 08:54:48	1	0	1	0
       23	2026-08-26 09:24:02	1	0	1	0
       25	2026-08-26 09:24:37	1	0	1	0
       20	2026-08-26 11:09:18	1	1	1	0
       19	2026-08-26 11:54:01	1	1	1	0
       27	2026-08-26 12:08:59	1	1	1	0
       25	2026-08-26 12:16:07	1	1	1	0
       28	2026-08-26 12:25:24	1	1	1	0
       21	2026-08-26 12:25:49	1	1	1	0
       26	2026-08-26 12:31:05	1	1	1	0
       20	2026-08-26 12:41:24	1	0	1	0
       31	2026-08-26 12:54:20	1	0	1	0
       21	2026-08-26 13:04:19	1	0	1	0
       27	2026-08-26 13:04:29	1	0	1	0
       26	2026-08-26 13:11:10	1	0	1	0
       28	2026-08-26 13:22:11	1	0	1	0
       19	2026-08-26 13:40:11	1	0	1	0
       23	2026-08-26 13:43:19	1	0	1	0
       25	2026-08-26 13:43:44	1	0	1	0
       27	2026-08-26 17:07:04	1	1	1	0
       26	2026-08-26 17:07:32	1	1	1	0
       31	2026-08-26 17:09:01	1	1	1	0
       30	2026-08-26 17:11:57	1	1	1	0
       21	2026-08-26 17:18:45	1	1	1	0
       20	2026-08-26 17:19:09	1	1	1	0
       28	2026-08-26 17:33:15	1	1	1	0
       29	2026-08-26 17:43:29	1	1	1	0
       23	2026-08-26 18:17:41	1	1	1	0
       25	2026-08-26 18:17:57	1	1	1	0
       19	2026-08-26 18:18:14	1	1	1	0
       27	2026-08-27 08:10:27	1	0	1	0
       21	2026-08-27 08:10:52	1	1	1	0
       31	2026-08-27 08:12:54	1	0	1	0
       26	2026-08-27 08:13:52	1	0	1	0
       22	2026-08-27 08:14:05	1	0	1	0
       28	2026-08-27 08:21:08	1	0	1	0
       29	2026-08-27 08:22:02	1	0	1	0
       20	2026-08-27 08:22:28	1	0	1	0
       30	2026-08-27 08:38:13	1	0	1	0
       24	2026-08-27 08:55:38	1	0	1	0
       19	2026-08-27 09:04:46	1	0	1	0
       25	2026-08-27 09:29:20	1	0	1	0
       23	2026-08-27 09:29:29	1	0	1	0
